1	964	0.233776
1	969	0.229675
2	861	0.388741
2	991	0.150396
3	856	0.519136
3	859	0.433185
4	335	0.698804
4	700	0.427435
5	916	0.376543
5	975	0.258916
6	346	0.698804
6	410	0.62752
7	955	0.249766
7	989	0.0429367
8	648	0.474084
8	973	0.266051
9	281	0.698804
9	992	0.173232
10	958	0.325535
10	970	0.231058
11	914	0.247244
11	951	0.336699
12	798	0.441208
12	995	0.150388
13	664	0.590551
13	889	0.478807
14	816	0.26425
14	995	0.150388
15	659	0.590551
15	801	0.417904
16	916	0.376543
16	997	0.130978
17	500	0.708345
17	734	0.328941
18	309	0.103526
18	956	0.703424
19	37	0.698804
19	936	0.287451
20	351	0.698804
20	976	0.149199
21	949	0.707291
21	981	0.575386
22	780	0.569566
22	997	0.130978
23	427	0.62752
23	946	0.184114
24	105	0.931738
24	689	0.10838
25	859	0.189577
25	989	0.508806
26	948	0.261819
26	955	0.249766
27	966	0.232432
27	1000	0.111976
28	721	0.514022
28	837	0.211797
29	109	0.931738
29	673	0.593257
30	985	0.277269
30	999	0.12306
31	914	0.713114
31	992	0.845317
32	901	0.445649
32	992	0.173232
33	984	0.231741
33	986	0.183334
34	468	0.62752
34	991	0.150396
35	589	0.590551
35	995	0.150388
36	906	0.436869
36	959	0.289642
37	19	0.698804
37	981	0.0109241
38	977	0.169794
38	978	0.132506
39	958	0.325535
39	975	0.258916
40	461	0.62752
40	800	0.50687
41	938	0.180486
41	957	0.274252
42	702	0.514022
42	989	0.0429367
43	938	0.180486
43	982	0.193539
44	798	0.441208
44	888	0.279711
45	837	0.211797
45	928	0.286252
46	961	0.249835
46	991	0.150396
47	638	0.107177
47	863	0.71614
48	905	0.15997
48	918	0.292067
49	977	0.169794
49	978	0.132506
50	186	0.698804
50	960	0.237163
51	689	0.373823
51	921	0.20669
52	743	0.514022
52	941	0.314164
53	734	0.79481
53	962	0.864817
54	953	0.389284
54	986	0.183334
55	880	0.457413
55	981	0.109517
56	647	0.559381
56	995	0.150388
57	875	0.492864
57	954	0.297533
58	972	0.28492
58	998	0.141833
59	944	0.247208
59	985	0.277269
60	506	0.938099
60	839	0.146341
61	809	0.41262
61	996	0.0583875
62	596	0.107177
62	789	0.713983
63	300	0.698804
63	949	0.275494
64	983	0.198975
64	994	0.148905
65	619	0.632112
65	917	0.43895
66	816	0.26425
66	995	0.150388
67	411	0.62752
67	708	0.328941
68	866	0.284388
68	978	0.132506
69	434	0.62752
69	921	0.20669
70	377	0.698804
70	747	0.530549
71	540	0.938099
71	996	1.83073
72	837	0.677666
72	968	0.445661
73	497	0.62752
73	991	0.150396
74	715	0.504391
74	992	0.173232
75	852	0.432107
75	934	0.290667
76	732	0.465374
76	993	0.269453
77	985	0.277269
77	999	0.12306
78	927	0.154542
78	940	0.689754
79	964	0.233776
79	969	0.229675
80	781	0.109372
80	921	0.672559
81	998	0.141833
81	1000	0.111976
82	979	0.222542
82	989	0.0429367
83	952	0.254281
83	992	0.173232
84	469	0.740664
84	902	0.113229
85	960	0.960812
85	987	0.647375
86	877	0.455256
86	939	0.336516
87	374	0.931738
87	925	0.306865
88	89	0.103526
88	944	0.713078
89	88	0.103526
89	844	0.735573
90	868	0.439198
90	980	0.170807
91	563	0.47223
91	941	0.314164
92	888	0.279711
92	995	0.150388
93	478	0.708345
93	668	0.567779
94	883	0.467373
94	996	0.0583875
95	985	0.277269
95	999	0.12306
96	913	0.326919
96	982	0.193539
97	955	0.249766
97	989	0.0429367
98	502	0.62752
98	968	0.303292
99	347	0.698804
99	349	0.698804
100	498	0.105647
100	671	0.857301
101	315	0.698804
101	775	0.436399
102	885	0.415822
102	919	0.416651
103	584	0.590551
103	989	0.0429367
104	949	0.275494
104	999	0.12306
105	24	0.931738
105	985	0.0517632
106	211	0.698804
106	337	0.698804
107	781	0.569566
107	897	0.479075
108	869	0.343869
108	886	0.483921
109	29	0.931738
109	113	0.103526
110	501	0.62752
110	681	0.567779
111	873	0.323152
111	990	0.155391
112	635	0.526465
112	928	0.286252
113	109	0.103526
113	981	0.575386
114	976	0.149199
114	981	0.109517
115	155	0.931738
115	652	0.107177
116	862	0.111612
116	1000	0.577846
117	891	0.323551
117	989	0.0429367
118	963	0.238705
118	998	0.141833
119	736	0.512874
119	946	0.184114
120	793	0.345775
120	934	0.290667
121	433	0.62752
121	928	0.286252
122	792	0.247379
122	996	0.0583875
123	378	0.931738
123	851	0.633561
124	963	0.238705
124	966	0.232432
125	273	0.931738
125	336	0.698804
126	907	0.401654
126	989	0.0429367
127	318	0.103526
127	999	0.588929
128	727	0.524602
128	991	0.150396
129	799	0.495749
129	982	0.193539
130	935	0.845592
130	945	0.344539
131	790	0.343203
131	995	0.150388
132	793	0.345775
132	974	0.231308
133	970	0.231058
133	997	0.130978
134	845	0.428363
134	973	0.266051
135	976	0.149199
135	981	0.109517
136	894	0.398849
136	990	0.155391
137	957	0.274252
137	990	0.155391
138	928	0.526413
138	990	0.62126
139	274	0.698804
139	841	0.534402
140	227	0.698804
140	977	0.169794
141	361	0.698804
141	672	0.567779
142	869	0.343869
142	962	0.275968
143	983	0.198975
143	994	0.148905
144	473	0.62752
144	933	0.224363
145	974	0.231308
145	991	0.150396
146	613	0.408056
146	976	0.149199
147	217	0.103526
147	989	0.508806
148	815	0.785084
148	1000	1.09052
149	911	0.455015
149	997	0.130978
150	892	0.112738
150	998	0.607702
151	749	0.342265
151	808	0.475907
152	978	0.132506
152	996	0.0583875
153	751	0.471145
153	961	0.249835
154	233	0.698804
154	824	0.377873
155	115	0.931738
155	422	0.501292
156	955	0.249766
156	989	0.0429367
157	971	0.658382
157	982	1.00655
158	816	0.26425
158	960	0.237163
159	694	0.593257
159	979	0.222542
160	811	0.521038
160	996	0.0583875
161	895	0.41173
161	995	0.150388
162	987	0.181506
162	998	0.141833
163	359	0.698804
163	918	0.292067
164	405	0.708345
164	961	0.249835
165	260	0.698804
165	936	0.287451
166	913	0.326919
166	946	0.184114
167	489	0.47541
167	965	0.330263
168	279	0.103526
168	963	0.704574
169	375	0.931738
169	863	0.250271
170	986	0.183334
170	994	0.148905
171	983	0.198975
171	994	0.148905
172	794	0.941777
172	936	0.585141
173	977	0.635663
173	984	0.621614
174	642	0.590551
174	973	0.266051
175	970	0.231058
175	975	0.258916
176	854	0.525718
176	997	0.130978
177	818	0.541026
177	997	0.130978
178	311	0.103526
178	905	0.625839
179	641	0.107177
179	999	0.588929
180	605	0.107177
180	914	0.713114
181	738	0.301703
181	952	0.254281
182	376	0.698804
182	992	0.173232
183	831	0.44671
183	912	0.279239
184	975	0.258916
184	997	0.130978
185	974	0.231308
185	991	0.150396
186	50	0.698804
186	922	0.117819
187	958	0.364974
187	961	0.715704
188	957	0.274252
188	990	0.155391
189	888	0.279711
189	964	0.233776
190	945	0.38114
190	1000	0.111976
191	998	0.141833
191	1000	0.111976
192	874	0.823048
192	950	0.225576
193	685	0.318319
193	978	0.132506
194	905	0.625839
194	951	0.298365
195	835	0.381902
195	962	0.275968
196	785	0.439939
196	869	0.343869
197	977	0.169794
197	980	0.170807
198	759	0.569566
198	995	0.150388
199	619	0.107177
199	976	0.615068
200	757	0.476392
200	996	0.0583875
201	320	0.698804
201	928	0.286252
202	662	0.632112
202	903	0.434847
203	916	0.376543
203	997	0.130978
204	988	0.250968
204	999	0.12306
205	894	0.398849
205	982	0.193539
206	930	0.348844
206	992	0.173232
207	789	0.713983
207	979	0.682755
208	655	0.632112
208	670	0.472697
209	709	0.504391
209	882	0.361894
210	485	0.105647
210	938	0.646355
211	106	0.698804
211	221	0.582337
212	980	0.170807
212	996	0.0583875
213	685	0.318319
213	978	0.132506
214	417	0.62752
214	999	0.12306
215	925	0.306865
215	974	0.231308
216	986	0.183334
216	994	0.148905
217	147	0.103526
217	792	0.713249
218	950	0.39318
218	984	0.231741
219	979	0.222542
219	989	0.0429367
220	273	0.103526
220	893	0.764663
221	211	0.582337
221	952	0.137814
222	986	0.183334
222	994	0.148905
223	613	0.408056
223	936	0.287451
224	458	0.105647
224	923	0.783603
225	998	0.141833
225	1000	0.111976
226	835	0.381902
226	962	0.275968
227	140	0.698804
227	977	0.0360971
228	863	0.250271
228	981	0.109517
229	817	0.518337
229	932	0.25415
230	959	0.289642
230	997	0.130978
231	974	0.231308
231	991	0.150396
232	954	0.297533
232	970	0.231058
233	154	0.698804
233	851	0.0361931
234	925	0.837305
234	997	0.596848
235	569	0.62752
235	975	0.258916
236	331	0.698804
236	967	0.270738
237	428	0.62752
237	949	0.275494
238	420	0.62752
238	544	0.549875
239	570	0.46905
239	690	0.504391
240	931	0.330126
240	956	0.237555
241	888	0.279711
241	964	0.233776
242	924	0.478785
242	984	0.231741
243	301	0.698804
243	967	0.270738
244	606	0.632112
244	844	0.269703
245	966	0.232432
245	987	0.181506
246	583	0.590551
246	974	0.231308
247	809	0.41262
247	996	0.0583875
248	454	0.105647
248	981	0.575386
249	793	0.345775
249	835	0.381902
250	790	0.809072
250	984	0.621614
251	757	0.476392
251	977	0.169794
252	556	0.62752
252	989	0.0429367
253	653	0.590551
253	996	0.0583875
254	960	0.237163
254	995	0.150388
255	288	0.698804
255	992	0.173232
256	873	0.323152
256	990	0.155391
257	940	0.998329
257	1000	0.577846
258	987	0.181506
258	998	0.141833
259	844	0.269703
259	938	0.180486
260	165	0.698804
260	880	0.224478
261	968	0.303292
261	999	0.12306
262	883	0.112202
262	954	0.763402
263	563	0.47223
263	933	0.224363
264	511	0.105647
264	932	0.72002
265	951	0.336699
265	956	0.237555
266	283	0.698804
266	614	0.590551
267	931	0.330126
267	965	0.330263
268	980	0.170807
268	996	0.0583875
269	978	0.132506
269	996	0.0583875
270	379	0.698804
270	832	0.541975
271	984	0.231741
271	986	0.183334
272	983	0.198975
272	994	0.148905
273	125	0.931738
273	220	0.103526
274	139	0.698804
274	992	0.0275671
275	947	0.418972
275	983	0.198975
276	538	0.938099
276	993	0.598871
277	918	0.292067
277	971	0.192513
278	486	0.62752
278	981	0.109517
279	168	0.103526
279	996	0.524257
280	891	0.323551
280	979	0.222542
281	9	0.698804
281	770	0.305347
282	899	0.307261
282	920	0.397706
283	266	0.698804
283	567	0.47223
284	950	0.39318
284	986	0.183334
285	735	0.10838
285	738	0.767572
286	620	0.632112
286	964	0.233776
287	979	0.222542
287	989	0.0429367
288	255	0.698804
288	992	0.0275671
289	426	0.708345
289	558	0.62752
290	904	0.471216
290	1000	0.111976
291	912	0.279239
291	976	0.149199
292	970	1.17568
292	971	0.658382
293	987	0.181506
293	1000	0.111976
294	808	0.475907
294	822	0.442008
295	953	0.389284
295	986	0.183334
296	432	0.708345
296	964	0.233776
297	451	0.105647
297	982	0.659408
298	879	0.372137
298	993	0.269453
299	884	0.233721
299	933	0.690232
300	63	0.698804
300	988	0.0180339
301	243	0.698804
301	944	0.0142737
302	848	0.475541
302	876	0.454014
303	648	0.474084
303	769	0.552283
304	520	0.62752
304	999	0.12306
305	913	0.326919
305	938	0.180486
306	922	0.350753
306	995	0.150388
307	833	0.110957
307	847	0.769346
308	976	0.149199
308	981	0.109517
309	18	0.103526
309	708	0.79481
310	674	0.514022
310	938	0.180486
311	178	0.103526
311	812	0.906916
312	967	0.270738
312	988	0.250968
313	911	0.455015
313	997	0.130978
314	919	0.416651
314	973	0.266051
315	101	0.698804
315	956	0.00462003
316	655	0.107177
316	749	0.808134
317	483	0.62752
317	969	0.229675
318	127	0.103526
318	970	0.696928
319	814	0.353598
319	967	0.270738
320	201	0.698804
320	544	0.31694
321	905	0.15997
321	973	0.266051
322	797	0.553552
322	998	0.141833
323	908	0.457945
323	963	0.238705
324	937	0.572314
324	948	0.727688
325	971	0.192513
325	973	0.266051
326	960	0.237163
326	995	0.150388
327	940	0.223885
327	990	0.155391
328	615	0.474084
328	992	0.173232
329	579	0.632112
329	991	0.150396
330	977	0.169794
330	996	0.0583875
331	236	0.698804
331	999	0.00102938
332	930	0.348844
332	942	0.355647
333	906	0.436869
333	958	0.325535
334	678	0.593257
334	957	0.274252
335	4	0.698804
335	996	0.103395
336	125	0.698804
336	887	0.188123
337	106	0.698804
337	992	0.0275671
338	700	0.133194
338	994	0.614774
339	931	0.433286
339	940	0.689754
340	833	0.482577
340	985	0.277269
341	979	0.222542
341	989	0.0429367
342	966	0.232432
342	1000	0.111976
343	815	0.319215
343	933	0.224363
344	890	0.460781
344	988	0.250968
345	610	0.107177
345	969	0.695545
346	6	0.698804
346	607	0.299383
347	99	0.698804
347	523	0.591878
348	607	0.532317
348	692	0.513404
349	99	0.698804
349	577	0.41585
350	388	0.698804
350	996	0.0583875
351	20	0.698804
351	480	0.47223
352	536	0.105647
352	996	0.524257
353	803	0.545527
353	932	0.25415
354	980	0.170807
354	996	0.0583875
355	846	0.504752
355	860	0.508591
356	436	0.708345
356	989	0.0429367
357	912	0.279239
357	981	0.109517
358	978	0.132506
358	996	0.0583875
359	163	0.698804
359	973	0.0331162
360	620	0.107177
360	851	0.734997
361	141	0.698804
361	991	0.150493
362	972	0.28492
362	987	0.181506
363	915	0.467019
363	950	0.39318
364	390	0.698804
364	878	0.38396
365	775	0.436399
365	893	0.298794
366	849	0.439246
366	941	0.314164
367	900	0.846945
367	976	1.11172
368	422	0.105647
368	946	0.649983
369	602	0.590551
369	850	0.483395
370	983	0.198975
370	986	0.183334
371	725	0.10838
371	990	0.62126
372	615	0.474084
372	722	0.593257
373	917	0.43895
373	956	0.237555
374	87	0.931738
374	588	0.107177
375	169	0.931738
375	969	1.01781
376	182	0.698804
376	992	0.0275671
377	70	0.698804
377	974	0.0716809
378	123	0.931738
378	971	0.0517632
379	270	0.698804
379	982	0.0509067
380	954	0.297533
380	958	0.325535
381	716	0.10838
381	997	0.596848
382	944	0.247208
382	999	0.12306
383	955	0.249766
383	989	0.0429367
384	698	0.566507
384	849	0.439246
385	967	0.270738
385	968	0.303292
386	701	0.421388
386	783	0.399908
387	966	0.232432
387	998	0.141833
388	350	0.698804
388	705	0.418556
389	937	0.303694
389	988	0.250968
390	364	0.698804
390	899	0.0743264
391	866	0.284388
391	978	0.132506
392	761	0.474484
392	895	0.41173
393	489	0.47541
393	931	0.330126
394	998	0.141833
394	1000	0.111976
395	919	0.350354
395	980	0.636676
396	983	0.050046
396	984	0.082812
396	986	0.0344048
397	674	0.365092
397	755	0.450422
397	990	0.00646217
398	714	0.422297
398	964	0.0848475
398	995	0.00145888
399	598	0.597707
399	939	0.346057
399	988	0.958221
400	689	0.224894
400	758	0.400998
400	993	0.120524
401	788	0.429445
401	963	0.0897757
401	1000	0.0752059
402	885	0.266893
402	918	0.143138
402	971	0.0435839
403	731	0.448636
403	791	0.408664
403	977	0.0208653
404	848	0.326612
404	944	0.0982793
404	988	0.102039
405	164	0.708345
405	914	0.673942
405	961	0.0264417
406	937	0.154765
406	944	0.0982793
406	985	0.12834
407	508	0.528234
407	874	0.20825
407	989	0.0215601
408	842	0.386453
408	970	0.0821294
408	975	0.109987
409	595	0.478854
409	944	0.0982793
409	999	0.085035
410	6	0.62752
410	703	0.332292
410	941	0.00994553
411	67	0.62752
411	936	0.0434343
411	976	0.0496294
412	743	0.365092
412	887	0.272128
412	932	0.105221
413	683	0.448636
413	960	0.0882338
413	969	0.0807464
414	770	0.389353
414	952	0.105352
414	992	0.0243032
415	666	0.597707
415	924	0.0574349
415	1000	0.121517
416	910	0.290215
416	931	0.181197
416	956	0.0886256
417	214	0.62752
417	985	0.0259215
417	999	0.0507461
418	840	0.461576
418	982	0.20308
418	997	1.01405
419	810	0.37615
419	980	0.0218781
419	996	0.0389986
420	238	0.62752
420	851	0.0311632
420	993	0.0187847
421	475	0.63388
421	652	0.638472
421	873	0.318116
422	155	0.501292
422	368	0.105647
422	962	0.259627
423	771	0.109372
423	937	0.313235
423	988	0.26051
424	903	0.285918
424	970	0.0821294
424	997	0.098511
425	495	0.105647
425	930	0.358385
425	992	0.182773
426	289	0.708345
426	440	0.478591
426	924	0.0574349
427	23	0.62752
427	982	0.0713483
427	990	0.0636169
428	237	0.62752
428	985	0.0259215
428	999	0.0507461
429	872	0.3836
429	952	0.105352
429	992	0.0243032
430	721	0.365092
430	783	0.250979
430	920	0.248777
431	685	0.16939
431	980	0.0218781
431	996	0.0389986
432	296	0.708345
432	736	0.10838
432	969	0.00628189
433	121	0.62752
433	824	0.0736542
433	899	0.00304222
434	69	0.62752
434	882	0.0576751
434	993	0.0187847
435	940	0.233426
435	959	0.488305
435	982	0.20308
436	356	0.708345
436	535	0.105647
436	979	0.0818958
437	853	0.307776
437	861	0.239812
437	991	0.00146664
438	931	0.181197
438	939	0.187587
438	965	0.181333
439	845	0.279434
439	905	0.0110407
439	971	0.0435839
440	426	0.478591
440	949	0.0457396
440	985	0.047515
441	927	0.279986
441	998	0.085731
441	1000	0.0752059
442	469	0.284336
442	521	0.105647
442	991	0.159937
443	823	0.298569
443	894	0.24992
443	990	0.00646217
444	732	0.316445
444	879	0.223208
444	993	0.120524
445	840	0.303105
445	946	0.0351846
445	982	0.0446101
446	983	0.050046
446	986	0.0344048
446	994	0.0983771
447	634	0.399619
447	956	0.0886256
447	965	0.181333
448	774	0.488786
448	879	0.381678
448	961	0.674102
449	749	0.314138
449	877	0.464797
449	951	0.34624
450	963	0.0897757
450	972	0.135991
450	998	0.085731
451	297	0.105647
451	816	0.273791
451	960	0.246704
452	922	0.201824
452	969	0.0807464
452	995	0.00145888
453	782	0.560234
453	874	0.420025
453	952	0.263822
454	248	0.105647
454	946	0.193655
454	957	0.283793
455	840	0.303105
455	940	0.0749562
455	957	0.125323
456	663	0.532826
456	925	0.157936
456	991	0.00146664
457	963	0.0897757
457	987	0.032577
457	998	0.085731
458	224	0.105647
458	907	0.411195
458	989	0.0524778
459	959	0.140713
459	970	0.0821294
459	975	0.109987
460	859	0.284256
460	893	0.149865
460	939	0.187587
461	40	0.62752
461	919	0.112432
461	971	0.0636024
462	957	0.125323
462	982	0.0446101
462	990	0.00646217
463	680	0.448636
463	796	0.342259
463	899	0.158332
464	830	0.274615
464	921	0.0577606
464	993	0.120524
465	890	0.311852
465	968	0.154363
465	988	0.102039
466	646	0.438442
466	805	0.401993
466	941	0.165235
467	984	0.082812
467	986	0.0344048
467	994	0.0983771
468	34	0.62752
468	518	0.424707
468	974	0.000396775
469	84	0.740664
469	442	0.284336
469	836	0.020149
470	722	0.10838
470	978	0.142047
470	996	0.0679286
471	836	0.337089
471	884	0.257467
471	925	0.157936
472	966	0.0835032
472	972	0.135991
472	1000	0.0752059
473	144	0.62752
473	611	0.323652
473	646	0.283152
474	671	0.242503
474	887	0.272128
474	933	0.0754337
475	421	0.63388
475	921	0.0641859
475	993	0.0156043
476	484	0.528234
476	611	0.478942
476	932	0.105221
477	547	0.528234
477	885	0.266893
477	923	0.168804
478	93	0.708345
478	760	0.366122
478	973	0.71353
479	908	0.309016
479	945	0.232211
479	987	0.032577
480	351	0.47223
480	613	0.181482
480	976	0.0346461
481	918	0.143138
481	923	0.168804
481	971	0.0435839
482	634	0.399619
482	939	0.187587
482	951	0.18777
483	317	0.62752
483	960	0.0108791
483	969	0.0016468
484	476	0.528234
484	817	0.263761
484	933	0.0650023
485	210	0.105647
485	864	0.50193
485	966	0.241973
486	278	0.62752
486	819	0.275561
486	839	0.115095
487	977	0.0208653
487	978	0.0796331
487	980	0.0218781
488	715	0.355462
488	942	0.206718
488	992	0.0243032
489	167	0.47541
489	393	0.47541
489	895	0.279708
490	935	0.230794
490	959	0.140713
490	997	0.098511
491	814	0.204669
491	968	0.154363
491	985	0.12834
492	949	0.709411
492	986	0.192875
492	994	0.158446
493	689	0.224894
493	733	0.385248
493	801	0.268975
494	517	0.528234
494	980	0.0218781
494	996	0.0389986
495	425	0.105647
495	987	0.191047
495	1000	0.121517
496	972	0.61835
496	984	0.241282
496	994	0.158446
497	73	0.62752
497	892	0.172981
497	961	0.023133
498	100	0.105647
498	748	0.528428
498	992	0.182773
499	670	0.482238
499	900	0.390617
499	955	0.899069
500	17	0.708345
500	948	0.826957
500	990	0.0300312
501	110	0.62752
501	976	0.0496294
501	981	0.0273086
502	98	0.62752
502	967	0.0343406
502	985	0.0259215
503	768	0.385471
503	847	0.154548
503	923	0.168804
504	539	0.63388
504	799	0.34682
504	990	0.00646217
505	839	0.428855
505	941	0.45655
505	976	0.15874
506	60	0.938099
506	917	0.00636072
506	965	0.00636072
507	688	0.48156
507	701	0.272459
507	921	0.0577606
508	407	0.528234
508	639	0.399619
508	979	0.0507136
509	654	0.107177
509	853	0.466246
509	962	0.285509
510	761	0.484025
510	995	0.159929
510	997	1.01405
511	264	0.105647
511	851	0.278669
511	882	0.371435
512	765	0.549682
512	807	0.53216
512	998	0.848262
513	747	0.109372
513	978	0.142047
513	996	0.0679286
514	809	0.263691
514	883	0.318444
514	980	0.0218781
515	743	0.10838
515	891	0.333092
515	989	0.0524778
516	966	0.0835032
516	972	0.135991
516	998	0.085731
517	494	0.528234
517	977	0.014456
517	996	0.0817534
518	468	0.424707
518	884	0.203584
518	934	0.0878545
519	741	0.380248
519	827	0.386453
519	976	0.00026999
520	304	0.62752
520	988	0.0219768
520	999	0.0507461
521	442	0.105647
521	823	0.457039
521	913	0.33646
522	814	0.204669
522	967	0.121809
522	999	0.085035
523	347	0.591878
523	701	0.314462
523	775	0.145279
524	953	0.240355
524	983	0.050046
524	994	0.0983771
525	820	0.429445
525	956	0.0886256
525	965	0.181333
526	712	0.10838
526	961	0.259376
526	991	0.159937
527	536	0.713115
527	622	0.107177
527	777	0.577198
528	925	0.157936
528	962	0.127039
528	991	0.00146664
529	864	0.34346
529	972	0.135991
529	1000	0.0752059
530	873	0.332693
530	946	0.193655
530	975	0.798636
531	709	0.355462
531	878	0.235031
531	928	0.137323
532	792	0.0984503
532	977	0.0208653
532	978	0.0796331
533	783	0.250979
533	851	0.120199
533	993	0.120524
534	948	0.11289
534	979	0.0736133
534	989	0.0215601
535	436	0.105647
535	922	0.360294
535	995	0.159929
536	352	0.105647
536	527	0.713115
536	981	0.0156946
537	904	0.322287
537	987	0.032577
537	1000	0.0752059
538	276	0.938099
538	580	0.325773
538	698	0.106998
539	504	0.63388
539	946	0.0351846
539	989	1.18984
540	71	0.938099
540	927	0.00636072
540	987	0.00636072
541	872	0.111612
541	983	0.208516
541	994	0.158446
542	948	0.826957
542	959	0.299183
542	975	0.268457
543	679	0.411046
543	933	0.0754337
543	941	0.165235
544	238	0.549875
544	320	0.31694
544	993	0.0304549
545	847	0.313018
545	973	0.275592
545	980	0.721673
546	926	0.337096
546	984	0.082812
546	994	0.0983771
547	477	0.528234
547	885	0.161246
547	918	0.0374909
548	902	0.38077
548	983	0.050046
548	984	0.082812
549	927	0.279986
549	963	0.0897757
549	998	0.085731
550	943	0.311984
550	983	0.050046
550	986	0.0344048
551	635	0.377536
551	690	0.355462
551	899	0.158332
552	824	0.228944
552	837	0.0628677
552	993	0.120524
553	963	0.0897757
553	998	0.085731
553	1000	0.0752059
554	947	0.270043
554	953	0.240355
554	994	0.0983771
555	570	0.478591
555	967	0.625612
555	993	0.278994
556	252	0.62752
556	955	0.0211109
556	989	0.034098
557	901	0.29672
557	942	0.206718
557	952	0.105352
558	289	0.62752
558	968	0.0436994
558	985	0.0259215
559	695	0.421273
559	822	0.293079
559	937	0.154765
560	766	0.428175
560	935	0.230794
560	959	0.140713
561	586	0.107177
561	988	0.26051
561	999	0.132601
562	733	0.385248
562	806	0.356446
562	878	0.235031
563	91	0.47223
563	263	0.47223
563	933	0.00636072
564	685	0.16939
564	700	0.278506
564	977	0.0208653
565	772	0.357602
565	869	0.19494
565	974	0.0823794
566	903	0.285918
566	970	0.0821294
566	975	0.109987
567	283	0.47223
567	616	0.420621
567	988	0.0243946
568	821	0.37152
568	960	0.0882338
568	995	0.00145888
569	235	0.62752
569	767	0.298767
569	929	0.178686
570	239	0.46905
570	555	0.478591
570	824	0.00318036
571	866	0.29393
571	969	1.01993
571	977	0.179335
572	861	0.264377
572	936	0.296992
572	976	0.15874
573	702	0.365092
573	874	0.20825
573	979	0.0736133
574	960	0.0882338
574	969	0.0807464
574	995	0.00145888
575	814	0.363139
575	937	0.313235
575	970	1.1778
576	912	0.134902
576	976	0.00486184
576	981	0.0995215
576	995	1.14223
577	349	0.41585
577	783	0.116955
577	830	0.14059
577	928	0.00329857
578	736	0.368536
578	938	0.0361485
578	961	0.675632
578	990	0.011054
579	329	0.632112
579	751	0.171518
579	934	0.0331366
579	973	0.715061
580	538	0.325773
580	692	0.366946
580	699	0.450613
580	967	0.627143
581	859	0.208465
581	893	0.0740737
581	939	0.111795
581	965	0.105542
582	651	0.422011
582	888	0.0549912
582	960	0.0124426
582	964	0.0090563
583	246	0.590551
583	594	0.33466
583	773	0.26796
583	991	0.04224
584	103	0.590551
584	891	0.0152925
584	955	0.0491177
584	989	0.124682
585	658	0.107177
585	796	0.346851
585	921	0.0623525
585	993	0.125116
586	561	0.107177
586	772	0.362194
586	852	0.28777
586	962	0.131631
587	665	0.482298
587	830	0.279207
587	899	0.162924
587	981	1.08116
588	374	0.107177
588	887	0.27672
588	896	0.362274
588	932	0.109813
589	35	0.590551
589	605	0.404653
589	647	0.218193
589	964	0.0502272
590	867	0.336569
590	927	0.204195
590	998	0.0099398
590	1000	0.12899
591	893	0.0740737
591	939	0.111795
591	951	0.111978
591	965	0.105542
592	635	0.107177
592	892	0.332862
592	934	0.14633
592	991	0.00605849
593	742	0.348986
593	816	0.0395295
593	922	0.126033
593	969	0.00495524
594	583	0.33466
594	934	0.0347764
594	961	0.0714612
594	991	0.127537
595	409	0.478854
595	937	0.0583368
595	988	0.0222403
595	999	0.0510096
596	62	0.107177
596	957	0.129915
596	982	0.0492019
596	990	0.011054
597	861	0.164021
597	862	0.336569
597	974	0.00658823
597	991	0.00811717
598	399	0.597707
598	897	0.135502
598	910	0.095571
598	965	0.0365888
599	866	0.140051
599	904	0.00555613
599	978	0.084225
599	980	0.0264699
600	915	0.242299
600	943	0.236193
600	947	0.194252
600	983	0.0513565
601	626	0.482298
601	785	0.295602
601	852	0.28777
601	881	0.112202
602	369	0.590551
602	960	0.0467466
602	969	0.0484916
602	995	0.015729
603	836	0.261298
603	861	0.164021
603	961	0.025115
603	991	0.00811717
604	945	0.236803
604	972	0.140583
604	991	0.807932
604	1000	0.0797977
605	180	0.107177
605	589	0.404653
605	922	0.164856
605	964	0.0478787
606	244	0.632112
606	685	0.226179
606	957	0.0481435
606	982	0.0759402
607	346	0.299383
607	348	0.532317
607	679	0.160554
607	941	0.013542
608	628	0.535887
608	688	0.10838
608	948	0.117482
608	979	0.0782052
609	801	0.193183
609	882	0.137174
609	928	0.0615322
609	993	0.0447325
610	345	0.107177
610	697	0.452309
610	934	0.14633
610	974	0.0869712
611	473	0.323652
611	476	0.478942
611	618	0.107177
611	932	0.0344784
612	778	0.325483
612	940	0.104436
612	946	0.0601618
612	982	0.0591211
613	146	0.408056
613	223	0.408056
613	480	0.181482
613	643	0.241149
614	266	0.590551
614	753	0.296616
614	967	0.0568601
614	988	0.0494546
615	328	0.474084
615	372	0.474084
615	952	0.00821442
615	992	0.00821442
616	567	0.420621
616	804	0.316432
616	949	0.0513263
616	999	0.0704208
617	873	0.098432
617	938	0.0586375
617	982	0.0591211
617	990	0.0287046
618	611	0.107177
618	700	0.283098
618	866	0.140051
618	978	0.084225
619	65	0.632112
619	199	0.107177
619	931	0.0304989
619	956	0.00234714
620	286	0.632112
620	360	0.107177
620	969	0.00623864
620	995	0.0572896
621	927	0.204195
621	966	0.00771204
621	972	0.0601998
621	987	0.0406045
622	527	0.107177
622	983	0.0546379
622	984	0.0874038
622	994	0.00456782
623	915	0.242299
623	984	0.0070208
623	986	0.055093
623	994	0.022586
624	875	0.268143
624	916	0.151823
624	958	0.100815
624	997	0.0227199
625	930	0.366018
625	949	0.131157
625	988	0.106631
625	999	0.0896268
626	601	0.482298
626	735	0.364429
626	884	0.101293
626	962	0.037064
627	948	0.0370989
627	955	0.0250454
627	979	0.0805691
627	989	0.113597
628	608	0.535887
628	948	0.0103045
628	959	0.489836
628	989	0.0868023
629	644	0.535887
629	910	0.294807
629	923	0.83331
629	965	0.185925
630	678	0.10838
630	937	0.159356
630	949	0.131157
630	988	0.106631
631	897	0.254355
631	910	0.214424
631	917	0.21423
631	951	0.111978
632	945	0.15642
632	972	0.0601998
632	987	0.0406045
632	1000	0.12899
633	705	0.10838
633	785	0.295602
633	934	0.14633
633	962	0.131631
634	447	0.399619
634	482	0.399619
634	939	0.00451458
634	956	0.0182595
635	112	0.526465
635	551	0.377536
635	592	0.107177
635	830	0.0182701
636	778	0.405866
636	823	0.303161
636	971	0.891562
636	990	0.011054
637	806	0.361038
637	824	0.233536
637	899	0.162924
637	983	0.68544
638	47	0.107177
638	728	0.485004
638	949	0.131157
638	967	0.126401
639	508	0.399619
639	649	0.382393
639	948	0.0602029
639	979	0.0277458
640	730	0.424716
640	886	0.2592
640	925	0.082145
640	991	0.00811717
641	179	0.107177
641	972	0.140583
641	998	0.0903228
641	1000	0.0797977
642	174	0.590551
642	768	0.193213
642	847	0.0314281
642	971	0.0266337
643	613	0.241149
643	834	0.341251
643	839	0.194594
643	976	0.0364998
644	629	0.535887
644	808	0.110219
644	931	0.0786113
644	956	0.0504595
645	983	0.0513565
645	984	0.0070208
645	986	0.055093
645	994	0.022586
646	466	0.438442
646	473	0.283152
646	679	0.215607
646	941	0.0227025
647	56	0.559381
647	589	0.218193
647	737	0.313988
647	995	0.0935113
648	8	0.474084
648	303	0.474084
648	656	0.24731
648	973	0.00821442
649	639	0.382393
649	891	0.051749
649	979	0.0334877
649	989	0.0665152
650	837	0.0633721
650	879	0.147417
650	882	0.137174
650	993	0.0447325
651	582	0.422011
651	790	0.0581955
651	895	0.126722
651	964	0.0232236
652	115	0.107177
652	421	0.638472
652	758	0.24712
652	796	0.188381
653	253	0.590551
653	791	0.216406
653	810	0.183892
653	978	0.0286257
654	509	0.107177
654	876	0.309677
654	944	0.102871
654	949	0.131157
655	208	0.632112
655	316	0.107177
655	845	0.128736
655	973	0.03937
656	648	0.24731
656	800	0.280096
656	971	0.0637872
656	973	0.0392771
657	704	0.388003
657	831	0.22199
657	936	0.0627311
657	981	0.0191385
658	585	0.107177
658	792	0.103042
658	868	0.294861
658	980	0.0264699
659	15	0.590551
659	824	0.0366854
659	921	0.0303975
659	993	0.071131
660	977	0.0443115
660	978	0.00384196
660	980	0.0340906
660	996	0.111609
661	695	0.345481
661	876	0.229294
661	968	0.0785717
661	999	0.0092438
662	202	0.632112
662	958	0.0259082
662	970	0.0172041
662	979	0.686406
663	456	0.532826
663	727	0.274618
663	793	0.0957914
663	963	1.04637
664	13	0.590551
664	828	0.216157
664	930	0.00765647
664	952	0.056725
665	587	0.482298
665	830	0.118441
665	920	0.0926029
665	993	0.0179002
666	415	0.597707
666	719	0.292921
666	987	0.0384778
666	1000	0.0101378
667	825	0.290285
667	906	0.166083
667	970	0.0460455
667	975	0.0680909
667	997	0.0786221
668	93	0.567779
668	795	0.229645
668	948	0.0259824
668	955	0.0263458
668	979	0.0191629
669	842	0.264596
669	954	0.0267477
669	959	0.0188562
669	970	0.0460455
669	997	0.0786221
670	208	0.472697
670	499	0.482238
670	847	0.00682781
670	971	0.00682781
670	973	0.00682781
671	100	0.857301
671	474	0.242503
671	803	0.0796577
671	805	0.0850528
671	941	0
672	141	0.567779
672	772	0.142571
672	853	0.0927453
672	934	0.0598133
672	974	0.0286027
673	29	0.593257
673	838	0.19864
673	949	0.0670109
673	974	0.719273
673	988	0.0521602
674	310	0.514022
674	397	0.365092
674	748	0.109372
674	894	0.00354743
674	940	0.0481523
675	689	0.151808
675	830	0.201529
675	920	0.175692
675	950	0.230429
675	993	0.0474381
676	828	0.286559
676	829	0.256839
676	871	0.280844
676	930	0.0780585
676	992	0.107814
677	850	0.110957
677	884	0.184381
677	925	0.0848506
677	934	0.0686524
677	974	0.00929383
678	334	0.593257
678	630	0.10838
678	873	0.0241354
678	938	0.0245154
678	940	0.0221164
679	543	0.411046
679	607	0.160554
679	646	0.215607
679	933	0.0941058
679	941	0.0411997
680	463	0.448636
680	879	0.0379633
680	882	0.0277203
680	921	0.0374115
680	928	0.0124913
681	110	0.567779
681	839	0.0553548
681	880	0.0934534
681	976	0.10191
681	981	0.10191
682	810	0.254294
682	883	0.196588
682	978	0.0990277
682	980	0.10708
682	996	0.0655437
683	413	0.448636
683	714	0.237052
683	960	0.0537606
683	964	0.0572411
683	995	0.022743
684	811	0.250253
684	868	0.168413
684	978	0.0990277
684	980	0.10708
684	996	0.0655437
685	193	0.318319
685	213	0.318319
685	431	0.16939
685	564	0.16939
685	606	0.226179
686	839	0.148529
686	863	0.0709935
686	912	0.00845351
686	936	0.0166658
686	981	0.0607418
687	725	0.358321
687	907	0.130868
687	948	0.066961
687	955	0.0545441
687	979	0.0345038
688	507	0.48156
688	608	0.10838
688	716	0.367319
688	824	0.0766233
688	993	0.0217538
689	24	0.10838
689	51	0.373823
689	400	0.224894
689	493	0.224894
689	675	0.151808
690	239	0.504391
690	551	0.355462
690	774	0.0518971
690	920	0.0110164
690	993	0.0385218
691	703	0.10838
691	884	0.184381
691	892	0.255185
691	974	0.00929383
691	991	0.0108228
692	348	0.513404
692	580	0.366946
692	887	0.00272257
692	896	0.088276
692	957	0.880319
693	747	0.259763
693	751	0.200359
693	884	0.135611
693	934	0.0198815
693	961	0.0565663
694	159	0.593257
694	725	0.290624
694	955	0.0518233
694	979	0.0446404
694	999	1.06216
695	559	0.421273
695	661	0.345481
695	815	0.373645
695	838	0.175585
695	985	0.0514613
696	780	0.109372
696	829	0.30561
696	942	0.133632
696	952	0.0322665
696	992	0.0384872
697	610	0.452309
697	751	0.136053
697	836	0.150926
697	852	0.0970151
697	962	0.00707527
698	384	0.566507
698	538	0.106998
698	849	0.0740141
698	896	0.141379
698	941	0.0018389
699	580	0.450613
699	703	0.301843
699	815	0.0433927
699	933	0.0359861
699	941	0.0324025
700	4	0.427435
700	338	0.133194
700	564	0.278506
700	618	0.283098
700	980	0
701	386	0.421388
701	507	0.272459
701	523	0.314462
701	702	0.10838
701	921	0
702	42	0.514022
702	573	0.365092
702	701	0.10838
702	948	0.0481523
702	989	0.0481523
703	410	0.332292
703	691	0.10838
703	699	0.301843
703	932	0.0431182
703	941	0.0189368
704	657	0.388003
704	741	0.210162
704	819	0.260764
704	936	0.0286378
704	976	0.0348329
705	388	0.418556
705	633	0.10838
705	977	0.0863836
705	978	0.089565
705	996	0.0560809
706	822	0.171223
706	944	0.054542
706	967	0.0677738
706	985	0.00648375
706	999	0.0841794
707	833	0.260562
707	960	0.965666
707	968	0.0812773
707	988	0.0289539
707	999	0.0119494
708	67	0.328941
708	309	0.79481
708	765	0.0742721
708	936	0
708	964	0.995255
709	209	0.504391
709	531	0.355462
709	796	0.0638404
709	801	0.016325
709	993	0.0385218
710	732	0.194589
710	774	0.208459
710	878	0.113175
710	920	0.126921
710	993	0.0522179
711	774	0.208459
711	801	0.147118
711	920	0.126921
711	928	0.0154669
711	993	0.0522179
712	526	0.10838
712	912	0.0572244
712	936	0.0654367
712	976	0.0392054
712	981	0.0218441
713	741	0.258392
713	827	0.264596
713	831	0.175925
713	912	0.00845351
713	981	0.0607418
714	398	0.422297
714	683	0.237052
714	850	0.122882
714	969	0.0291664
714	995	0.105357
715	74	0.504391
715	488	0.355462
715	828	0.129997
715	871	0.124282
715	992	0.0385218
716	381	0.10838
716	688	0.367319
716	878	0.120791
716	921	0.0378044
716	993	0.00628323
717	972	0.0629054
717	987	0.0433101
717	991	0.809134
717	998	0.0126454
717	1000	0.00212033
718	738	0.0309177
718	812	0.170262
718	889	0.208022
718	942	0.0848612
718	952	0.0514523
719	666	0.292921
719	764	0.33337
719	972	0.053763
719	987	0.0868058
719	998	0.0777975
720	802	0.308924
720	929	0.212119
720	954	0.0267477
720	958	0.0547496
720	997	0.0786221
721	28	0.514022
721	430	0.365092
721	806	0.0876582
721	993	0.0481523
721	996	1.83558
722	372	0.593257
722	470	0.10838
722	829	0.189143
722	952	0.0594306
722	992	0.0401178
723	752	0.367271
723	777	0.109372
723	948	0.0398045
723	955	0.027751
723	979	0.000527773
724	748	0.296872
724	930	0.126829
724	942	0.133632
724	958	0.369828
724	992	0.0384872
725	371	0.10838
725	687	0.358321
725	694	0.290624
725	907	0.0990214
725	955	0.0226973
726	742	0.302921
726	895	0.140944
726	964	0.0374455
726	969	0.0350801
726	995	0.086131
727	128	0.524602
727	663	0.274618
727	835	0.0153864
727	892	0.0700629
727	962	0.0587328
728	638	0.485004
728	954	0.645854
728	967	0.0361618
728	968	0.000894334
728	999	0.0525673
729	750	0.326628
729	776	0.352937
729	919	0.145866
729	923	0.0469478
729	971	0.0197755
730	640	0.424716
730	853	0.174403
730	961	0.04505
730	991	0.101126
730	1000	1.09538
731	403	0.448636
731	977	0.0324582
731	978	0.0356397
731	980	0.043692
731	996	0.00215563
732	76	0.465374
732	444	0.316445
732	710	0.194589
732	878	0.0211811
732	928	0.0211811
733	493	0.385248
733	562	0.385248
733	806	0.107814
733	851	0.0020533
733	921	0.0683076
734	17	0.328941
734	53	0.79481
734	756	0.164059
734	904	0.195044
734	957	0
735	285	0.10838
735	626	0.364429
735	861	0.126535
735	961	0.0651457
735	974	0.0424095
736	119	0.512874
736	432	0.10838
736	578	0.368536
736	957	0.0470043
736	982	0.0470043
737	647	0.313988
737	964	0.0628386
737	969	0.0604732
737	977	1.00152
737	995	0.0139482
738	181	0.301703
738	285	0.767572
738	718	0.0309177
738	889	0.0129382
738	942	0
739	887	0.204391
739	945	0.159126
739	987	0.0433101
739	998	0.0126454
739	1000	0.00212033
740	787	0.391954
740	949	0.0534792
740	968	0.0812773
740	978	1.03692
740	999	0.0119494
741	519	0.380248
741	704	0.210162
741	713	0.258392
741	765	0.13758
741	981	0.0633081
742	593	0.348986
742	726	0.302921
742	850	0.125363
742	888	0.0333378
742	960	0.0299021
743	52	0.514022
743	412	0.365092
743	515	0.10838
743	803	0.12781
743	932	0.0481523
744	797	0.110219
744	821	0.298434
744	826	0.325237
744	960	0.0151482
744	995	0.037326
745	846	0.282738
745	871	0.111612
745	967	0.0487232
745	988	0.0289539
745	999	0.0119494
746	864	0.111612
746	913	0.104904
746	938	0.0613431
746	946	0.0628674
746	982	0.0618267
747	70	0.530549
747	513	0.109372
747	693	0.259763
747	961	0.0646797
747	962	0.0646797
747	991	0.0646797
748	498	0.528428
748	674	0.109372
748	724	0.296872
748	841	0.12155
748	901	0.0327967
748	942	0.0202469
749	151	0.342265
749	316	0.808134
749	449	0.314138
749	804	0.135107
749	985	0
749	999	0
750	729	0.326628
750	768	0.200075
750	845	0.0940387
750	919	0.0823265
750	971	0.0334965
750	973	0.00467223
751	153	0.471145
751	579	0.171518
751	693	0.200359
751	697	0.136053
751	836	0.0254247
751	885	0.2614
752	723	0.367271
752	891	0.0140268
752	948	0.0474886
752	955	0.0478521
752	979	0.0406691
752	989	0.123416
753	614	0.296616
753	832	0.110957
753	833	0.188642
753	967	0.044624
753	968	0.0093566
753	985	0.0362049
754	908	0.156134
754	963	0.0185628
754	966	0.00652769
754	987	0.0802399
754	998	0.0712316
754	1000	0.0518999
755	397	0.450422
755	882	0.327498
755	894	0.0664624
755	938	0.0306103
755	982	0.0431801
755	990	0.0354486
756	734	0.164059
756	844	0.0493128
756	873	0.0213415
756	946	0.0632902
756	957	0.0459597
756	990	0.066025
757	200	0.476392
757	251	0.476392
757	848	0.110957
757	978	0.0105226
757	980	0.0105226
757	996	0.0105226
758	400	0.400998
758	652	0.24712
758	878	0.00214909
758	899	0.0387033
758	920	0.015895
758	993	0.0305075
759	198	0.569566
759	821	0.158276
759	826	0.185079
759	969	0.0275063
759	986	0.857087
759	995	0.103696
760	478	0.366122
760	795	0.251381
760	891	0.0142566
760	907	0.0594304
760	948	0.0477185
760	979	0.0408989
761	392	0.474484
761	510	0.484025
761	888	0.00861434
761	969	0.00861434
761	993	0.604716
761	995	0.00861434
762	822	0.140198
762	890	0.15897
762	967	0.0367487
762	968	0.00148124
762	988	0.0243849
762	999	0.0531542
763	775	0.134588
763	859	0.131375
763	877	0.153445
763	910	0.137333
763	914	0.0401496
763	951	0.0348879
764	719	0.33337
764	804	0.110219
764	963	0.0172496
764	966	0.00521451
764	998	0.0699184
764	1000	0.0505867
765	512	0.549682
765	708	0.0742721
765	741	0.13758
765	807	0.131022
765	863	0.0742721
765	981	0.0742721
766	560	0.428175
766	929	0.128271
766	935	0.0250885
766	954	0.00427397
766	959	0.0565696
766	970	0.0254626
767	569	0.298767
767	825	0.232319
767	929	0.154152
767	958	0.0491891
767	975	0.010124
767	997	0.0206551
768	503	0.385471
768	642	0.193213
768	750	0.200075
768	900	0.0252839
768	971	0.0685308
768	973	0.0685308
769	303	0.552283
769	900	0.00162023
769	905	0.0864137
769	923	0.0281291
769	971	0.0864137
769	973	0.0134676
770	281	0.305347
770	414	0.389353
770	889	0.0853509
770	901	0.0521921
770	942	0.0396424
770	992	0.0724127
771	423	0.109372
771	798	0.172209
771	850	0.214396
771	960	0.0460989
771	964	0.0392321
771	969	0.0368666
772	565	0.357602
772	586	0.362194
772	672	0.142571
772	886	0.0587128
772	925	0.0406615
772	974	0.0406615
773	583	0.26796
773	836	0.163427
773	925	0.0400732
773	934	0.0101726
773	962	0.0195762
773	974	0.0699711
774	448	0.488786
774	690	0.0518971
774	710	0.208459
774	711	0.208459
774	879	0.0133753
774	882	0.0133753
775	101	0.436399
775	365	0.436399
775	523	0.145279
775	763	0.134588
775	897	0.0132059
775	914	0
776	729	0.352937
776	918	0.0170624
776	923	0.00971757
776	935	0.636376
776	971	0.0598054
776	973	0.0309811
777	527	0.577198
777	723	0.109372
777	807	0.158538
777	831	0.0826292
777	880	0.0933317
777	936	0.0415864
778	612	0.325483
778	636	0.405866
778	911	0.161663
778	940	0.084334
778	982	0.084334
778	990	0.084334
779	891	0.103769
779	920	0.399104
779	933	1.57813
779	955	0.0299842
779	979	0.00276093
779	989	0.118535
780	22	0.569566
780	696	0.109372
780	929	0.120732
780	959	0.0490309
780	970	0.0179238
780	997	0.103696
781	80	0.109372
781	107	0.569566
781	917	0.0767771
781	939	0.025532
781	951	0.0187088
781	965	0.0179887
782	453	0.560234
782	871	0.170584
782	901	0.0646029
782	930	0.0120178
782	942	0.00737139
782	992	0.0848235
783	386	0.399908
783	430	0.250979
783	533	0.250979
783	577	0.116955
783	977	1.06549
783	993	0
784	828	0.110957
784	838	0.268123
784	860	0.239592
784	949	0.00649484
784	985	0.00827028
784	999	0.0859659
785	196	0.439939
785	601	0.295602
785	633	0.295602
785	884	0
785	927	0.167992
785	974	0
786	898	0.256499
786	924	0.209786
786	947	0.149973
786	965	0.389591
786	984	0.0318203
786	994	0.0984691
787	740	0.391954
787	848	0.157771
787	937	0.0445221
787	949	0.0181004
787	975	0.802362
787	988	0.00842565
788	401	0.429445
788	945	0.0277757
788	966	0.0365984
788	987	0.0286859
788	988	0.962792
788	998	0.0196776
788	1000	0.000345922
789	62	0.713983
789	207	0.713983
789	856	0.0532671
789	865	0.111612
789	939	0
789	956	0
789	965	0
790	131	0.343203
790	250	0.809072
790	651	0.0581955
790	895	0
790	922	0
790	964	0
790	969	0
791	403	0.408664
791	653	0.216406
791	972	0.622921
791	977	0.0917243
791	978	0.0917243
791	980	0.00372056
791	996	0.0917243
792	122	0.247379
792	217	0.713249
792	532	0.0984503
792	658	0.103042
792	845	0.291514
792	977	0
792	996	0
793	120	0.345775
793	132	0.345775
793	249	0.345775
793	663	0.0957914
793	892	0.0113301
793	961	0
793	962	0
794	172	0.941777
794	937	0.475429
794	963	0.0100382
794	972	0.0100382
794	987	0.0100382
794	998	0.0100382
794	1000	0.0100382
795	668	0.229645
795	760	0.251381
795	837	0.644288
795	907	0.0635198
795	948	0.0518078
795	955	0.0521712
795	979	0.0449883
796	463	0.342259
796	585	0.346851
796	652	0.188381
796	709	0.0638404
796	830	2.44542e-05
796	986	0.857933
796	993	0.0253186
797	322	0.553552
797	744	0.110219
797	945	0.00295421
797	966	0.0117769
797	972	0.0235952
797	998	0.087683
797	1000	0.087683
798	12	0.441208
798	44	0.441208
798	771	0.172209
798	960	0
798	964	0
798	995	0
798	998	0.867933
799	129	0.495749
799	504	0.34682
799	913	0.0298797
799	940	0.0298797
799	946	0.0298797
799	957	0.0298797
799	990	0.0298797
800	40	0.50687
800	656	0.280096
800	900	0.0410004
800	918	0.00798895
800	919	0.0115186
800	923	0.0410004
800	973	0.0410004
801	15	0.417904
801	493	0.268975
801	609	0.193183
801	709	0.016325
801	711	0.147118
801	878	0
801	976	1.1628
802	720	0.308924
802	843	0.2295
802	911	0.102986
802	916	0.0245146
802	954	0.00687933
802	959	0.059175
802	997	0.113841
803	353	0.545527
803	671	0.0796577
803	743	0.12781
803	805	0.16471
803	815	0.0208121
803	932	0.0796577
803	965	0.390437
804	616	0.316432
804	749	0.135107
804	764	0.110219
804	968	0.017156
804	985	0.082236
804	988	0.0598799
804	999	0.0242027
805	466	0.401993
805	671	0.0850528
805	803	0.16471
805	849	0.0584291
805	887	0.040241
805	896	0.125794
805	933	0.0850528
806	562	0.356446
806	637	0.361038
806	721	0.0876582
806	733	0.107814
806	899	0.0395059
806	954	0.647693
806	993	0.0395059
807	512	0.53216
807	765	0.131022
807	777	0.158538
807	831	0.0375905
807	834	0.156851
807	975	0.803208
807	976	0.0567495
808	151	0.475907
808	294	0.475907
808	644	0.110219
808	937	0.0100382
808	968	0.0100382
808	985	0.0100382
808	988	0.0100382
809	61	0.41262
809	247	0.41262
809	514	0.263691
809	977	0
809	980	0
809	994	0.902417
809	996	0
810	419	0.37615
810	653	0.183892
810	682	0.254294
810	926	0.11487
810	977	0.0592103
810	980	0.0592103
810	996	0.0592103
811	160	0.521038
811	684	0.250253
811	868	0.0284983
811	976	1.11841
811	977	0.0551691
811	978	0.0551691
811	996	0.0551691
812	311	0.906916
812	718	0.170262
812	871	0.0857602
812	901	0
812	912	0.73971
812	930	0
812	942	0
813	945	0.0569808
813	963	0.0600409
813	966	0.0658035
813	972	0.0248483
813	987	0.057891
813	998	0.0488827
813	1000	0.029551
814	319	0.353598
814	491	0.204669
814	522	0.204669
814	575	0.363139
814	838	0.0712528
814	985	0
814	999	0
815	148	0.785084
815	343	0.319215
815	695	0.373645
815	699	0.0433927
815	803	0.0208121
815	896	0.0407416
815	941	0
816	14	0.26425
816	66	0.26425
816	158	0.26425
816	451	0.273791
816	593	0.0395295
816	960	0
816	995	0
817	229	0.518337
817	484	0.263761
817	849	0.0258438
817	886	0.112202
817	896	0.0932091
817	933	0.0524675
817	941	0.0524675
818	177	0.541026
818	843	0.190816
818	903	0.0441351
818	935	0.0230741
818	958	0.0227505
818	975	0.0751569
818	997	0.0751569
819	486	0.275561
819	704	0.260764
819	839	0.0673555
819	880	0.105454
819	896	0.112738
819	912	0.0524856
819	976	0.0018895
820	525	0.429445
820	856	0.165772
820	910	0.0857791
820	914	0.0177886
820	951	0.0275169
820	965	0.0267969
820	999	1.064
821	568	0.37152
821	744	0.298434
821	759	0.158276
821	922	0.00751453
821	964	0.0545794
821	989	1.19441
821	995	0.0545794
822	294	0.442008
822	559	0.293079
822	706	0.171223
822	762	0.140198
822	944	0
822	967	0
822	985	0
823	443	0.298569
823	521	0.457039
823	636	0.303161
823	832	0.0761062
823	913	0
823	982	0
823	990	0
824	154	0.377873
824	433	0.0736542
824	552	0.228944
824	570	0.00318036
824	637	0.233536
824	659	0.0366854
824	688	0.0766233
824	962	0.860771
825	667	0.290285
825	767	0.232319
825	935	0.00905505
825	954	0.0338269
825	955	0.904379
825	959	0.0405362
825	975	0.0152414
825	997	0.0952017
826	744	0.325237
826	759	0.185079
826	895	0.027243
826	922	0.0133317
826	960	0.0034476
826	964	0.00692814
826	969	0.00519256
826	995	0.0813827
827	519	0.386453
827	713	0.264596
827	831	0.0503537
827	880	0.0610562
827	912	0.00808773
827	976	0.0695127
827	978	1.0395
827	981	0.0695127
828	664	0.216157
828	676	0.286559
828	715	0.129997
828	784	0.110957
828	889	0.104413
828	901	0.0712545
828	942	0.0140229
828	992	0.00420551
829	676	0.256839
829	696	0.30561
829	722	0.189143
829	901	0.0415347
829	930	0.0175357
829	952	0.0617553
829	977	1.00409
829	992	0.0617553
830	464	0.274615
830	577	0.14059
830	587	0.279207
830	635	0.0182701
830	665	0.118441
830	675	0.201529
830	796	2.44542e-05
830	920	0
831	183	0.44671
831	657	0.22199
831	713	0.175925
831	777	0.0826292
831	807	0.0375905
831	827	0.0503537
831	936	0
831	947	0.256812
832	270	0.541975
832	753	0.110957
832	823	0.0761062
832	894	0.00908635
832	946	0.0761062
832	957	0.00258817
832	982	0.0761062
832	990	0.0761062
833	307	0.110957
833	340	0.482577
833	707	0.260562
833	753	0.188642
833	846	0.0555908
833	876	0.0048529
833	890	0.0116194
833	988	0.0167078
834	643	0.341251
834	807	0.156851
834	863	0.00859411
834	912	0.0386771
834	936	0.0399002
834	976	0.100102
834	981	0.100102
834	994	0.819445
835	195	0.381902
835	226	0.381902
835	249	0.381902
835	727	0.0153864
835	866	0.517756
835	884	0
835	961	0
835	974	0
836	469	0.020149
836	471	0.337089
836	603	0.261298
836	697	0.150926
836	751	0.0254247
836	773	0.163427
836	892	0.0314791
836	925	0.020149
837	28	0.211797
837	45	0.211797
837	72	0.677666
837	552	0.0628677
837	650	0.0633721
837	795	0.644288
837	920	0
837	993	0
838	673	0.19864
838	695	0.175585
838	784	0.268123
838	814	0.0712528
838	876	0.0593979
838	937	0.0126544
838	944	0.0712528
838	999	0.0712528
839	60	0.146341
839	486	0.115095
839	505	0.428855
839	643	0.194594
839	681	0.0553548
839	686	0.148529
839	819	0.0673555
839	981	0
840	418	0.461576
840	445	0.303105
840	455	0.303105
840	940	3.48498e-05
840	946	3.48498e-05
840	957	3.48498e-05
840	982	3.48498e-05
840	990	3.48498e-05
841	139	0.534402
841	748	0.12155
841	872	0.135192
841	889	0.0814705
841	942	0.0357619
841	952	0.000575558
841	974	0.72185
841	992	0.0685323
842	408	0.386453
842	669	0.264596
842	865	0.178906
842	867	0.111612
842	929	0.0865482
842	954	0.00813788
842	975	0.0695127
842	997	0.0695127
843	802	0.2295
843	818	0.190816
843	906	0.0866591
843	914	0.679253
843	954	0.0086981
843	958	0.0277316
843	970	0.0298867
843	997	0.115659
844	89	0.735573
844	244	0.269703
844	259	0.269703
844	756	0.0493128
844	957	0
844	982	0
844	983	0.95841
844	990	0
845	134	0.428363
845	439	0.279434
845	655	0.128736
845	750	0.0940387
845	792	0.291514
845	919	0.0029435
845	923	0.0226799
845	971	0.0226799
846	355	0.504752
846	745	0.282738
846	833	0.0555908
846	890	0.0337946
846	967	0.038883
846	985	0.038883
846	987	1.03296
846	988	0.038883
847	307	0.769346
847	503	0.154548
847	545	0.313018
847	642	0.0314281
847	670	0.00682781
847	868	0.291836
847	923	0
847	973	0
848	302	0.475541
848	404	0.326612
848	757	0.110957
848	787	0.157771
848	968	0.00967197
848	985	0.00967197
848	988	0.00967197
848	999	0.00967197
849	366	0.439246
849	384	0.439246
849	698	0.0740141
849	805	0.0584291
849	817	0.0258438
849	896	0.0407416
849	932	0
849	982	1.0366
850	369	0.483395
850	677	0.110957
850	714	0.122882
850	742	0.125363
850	771	0.214396
850	888	0.0175256
850	922	0.0175256
850	995	0.0175256
851	123	0.633561
851	233	0.0361931
851	360	0.734997
851	420	0.0311632
851	511	0.278669
851	533	0.120199
851	733	0.0020533
851	921	0
851	993	0
852	75	0.432107
852	586	0.28777
852	601	0.28777
852	697	0.0970151
852	934	0
852	961	0
852	962	0
852	974	0
852	991	0
853	437	0.307776
853	509	0.466246
853	672	0.0927453
853	730	0.174403
853	886	0.0223063
853	908	0.125358
853	961	0.00425505
853	962	0.00425505
853	991	0.00425505
854	176	0.525718
854	865	0.169243
854	875	0.0868434
854	911	0.0489944
854	954	0.0598491
854	958	0.00744271
854	959	0.00518354
854	975	0.0598491
854	997	0.0598491
855	870	0.235432
855	943	0.120608
855	950	0.0528744
855	953	0.0489791
855	968	0.453747
855	983	0.0484622
855	984	0.0564856
855	986	0.0290846
855	994	0.0271627
856	3	0.519136
856	789	0.0532671
856	820	0.165772
856	891	0.331516
856	897	0.066473
856	914	0.0532671
856	951	0.00908411
856	956	0.0532671
856	965	0.00336811
857	898	0.171241
857	909	0.178418
857	926	0.131768
857	943	0.106657
857	953	0.0350275
857	983	0.0345106
857	984	0.042534
857	986	0.015133
857	994	0.0132111
858	890	0.122634
858	908	0.11764
858	927	0.0886096
858	945	0.040835
858	963	0.0438952
858	966	0.0496577
858	987	0.0417452
858	998	0.0327369
858	1000	0.0134052
859	3	0.433185
859	25	0.189577
859	460	0.284256
859	581	0.208465
859	763	0.131375
859	877	0.00166804
859	931	0
859	951	0
859	956	0
860	355	0.508591
860	784	0.239592
860	890	0.037633
860	937	0.0427214
860	967	0.0427214
860	968	0.0427214
860	973	0.719496
860	985	0.0427214
860	999	0.0427214
861	2	0.388741
861	437	0.239812
861	572	0.264377
861	597	0.164021
861	603	0.164021
861	735	0.126535
861	886	0.0180513
861	962	0
861	974	0
862	116	0.111612
862	597	0.336569
862	886	0.113472
862	892	0.10675
862	925	0.0396213
862	961	0.0179037
862	962	0.0292211
862	974	0.0221131
862	991	0.0129785
863	47	0.71614
863	169	0.250271
863	228	0.250271
863	686	0.0709935
863	765	0.0742721
863	834	0.00859411
863	976	0
863	981	0
863	997	1.42203
864	485	0.50193
864	529	0.34346
864	746	0.111612
864	945	0.02652
864	966	0.02652
864	972	0.02652
864	987	0.02652
864	998	0.02652
864	1000	0.02652
865	789	0.111612
865	842	0.178906
865	854	0.169243
865	903	0.0783719
865	935	0.023247
865	954	0.00243244
865	958	0.0214659
865	975	0.0294333
865	997	0.109394
866	68	0.284388
866	391	0.284388
866	571	0.29393
866	599	0.140051
866	618	0.140051
866	835	0.517756
866	883	0.00150428
866	978	0
866	980	0
867	590	0.336569
867	842	0.111612
867	904	0.100767
867	927	0.058466
867	966	0.0195141
867	972	0.0313324
867	987	0.0116016
867	998	0.00259331
867	1000	0.0954202
868	90	0.439198
868	658	0.294861
868	684	0.168413
868	811	0.0284983
868	847	0.291836
868	883	0.0198893
868	977	0.018385
868	980	0.018385
868	996	0.018385
869	108	0.343869
869	142	0.343869
869	196	0.343869
869	565	0.19494
869	886	0.0180513
869	961	0
869	962	0
869	986	1.00573
869	991	0
870	855	0.235432
870	894	0.291157
870	898	0.169497
870	909	0.176674
870	926	0.130024
870	947	0.0629715
870	950	0.0371789
870	984	0.0407901
870	986	0.0133891
871	676	0.280844
871	715	0.124282
871	745	0.111612
871	782	0.170584
871	812	0.0857602
871	872	0.15242
871	930	0.0129545
871	952	0.0178035
871	992	0.0857602
872	429	0.3836
872	541	0.111612
872	841	0.135192
872	871	0.15242
872	901	0.0464392
872	930	0.0224402
872	942	0.0338894
872	952	0.0666598
872	992	0.0666598
873	111	0.323152
873	256	0.323152
873	421	0.318116
873	530	0.332693
873	617	0.098432
873	678	0.0241354
873	756	0.0213415
873	940	0
873	990	0
874	192	0.823048
874	407	0.20825
874	453	0.420025
874	573	0.20825
874	907	0
874	948	0
874	955	0
874	979	0
874	989	0
875	57	0.492864
875	624	0.268143
875	854	0.0868434
875	906	0.0155625
875	916	0.0269944
875	935	0.0269944
875	938	0.935177
875	970	0.0269944
875	975	0.0269944
875	997	0.0269944
876	302	0.454014
876	654	0.309677
876	661	0.229294
876	833	0.0048529
876	838	0.0593979
876	944	0.000550752
876	946	1.01912
876	949	0.000550752
876	985	0.000550752
876	988	0.000550752
877	86	0.455256
877	449	0.464797
877	763	0.153445
877	859	0.00166804
877	893	0.00166804
877	899	0.565751
877	917	0.00166804
877	939	0.00166804
877	951	0.00166804
877	956	0.00166804
878	364	0.38396
878	531	0.235031
878	562	0.235031
878	710	0.113175
878	716	0.120791
878	732	0.0211811
878	758	0.00214909
878	801	0
878	905	1.29862
878	993	0
879	298	0.372137
879	444	0.223208
879	448	0.381678
879	650	0.147417
879	680	0.0379633
879	774	0.0133753
879	920	0
879	928	0
879	993	0
879	999	1.09528
880	55	0.457413
880	260	0.224478
880	681	0.0934534
880	777	0.0933317
880	819	0.105454
880	827	0.0610562
880	936	0.00360934
880	976	0.00360934
880	981	0.00360934
880	989	1.1964
881	601	0.112202
881	926	0.132357
881	943	0.107246
881	947	0.065305
881	950	0.0395123
881	953	0.0356171
881	983	0.0351002
881	984	0.0431236
881	986	0.0157225
881	994	0.0138007
882	209	0.361894
882	434	0.0576751
882	511	0.371435
882	609	0.137174
882	650	0.137174
882	680	0.0277203
882	755	0.327498
882	774	0.0133753
882	920	0
882	993	0
883	94	0.467373
883	262	0.112202
883	514	0.318444
883	682	0.196588
883	866	0.00150428
883	868	0.0198893
883	977	0.00150428
883	978	0.00150428
883	980	0.00150428
883	996	0.00150428
884	299	0.233721
884	471	0.257467
884	518	0.203584
884	626	0.101293
884	677	0.184381
884	691	0.184381
884	693	0.135611
884	785	0
884	835	0
884	934	0
885	102	0.415822
885	402	0.266893
885	477	0.266893
885	547	0.161246
885	751	0.2614
885	900	0
885	905	0
885	919	0
885	971	0
885	973	0
886	108	0.483921
886	640	0.2592
886	772	0.0587128
886	817	0.112202
886	853	0.0223063
886	861	0.0180513
886	862	0.113472
886	869	0.0180513
886	925	0.0180513
886	961	0.0180513
887	336	0.188123
887	412	0.272128
887	474	0.272128
887	588	0.27672
887	692	0.00272257
887	739	0.204391
887	805	0.040241
887	896	0.0407416
887	932	0
887	933	0
888	44	0.279711
888	92	0.279711
888	189	0.279711
888	241	0.279711
888	582	0.0549912
888	742	0.0333378
888	761	0.00861434
888	850	0.0175256
888	918	0.958852
888	969	0
889	13	0.478807
889	718	0.208022
889	738	0.0129382
889	770	0.0853509
889	828	0.104413
889	841	0.0814705
889	901	0.00513839
889	930	0.0129382
889	952	0.0129382
889	981	1.08618
890	344	0.460781
890	465	0.311852
890	762	0.15897
890	833	0.0116194
890	846	0.0337946
890	858	0.122634
890	860	0.037633
890	967	0
890	988	0
890	999	0
891	117	0.323551
891	280	0.323551
891	515	0.333092
891	584	0.0152925
891	649	0.051749
891	752	0.0140268
891	760	0.0142566
891	779	0.103769
891	856	0.331516
891	979	0
891	989	0
892	150	0.112738
892	497	0.172981
892	592	0.332862
892	691	0.255185
892	727	0.0700629
892	793	0.0113301
892	836	0.0314791
892	862	0.10675
892	925	0.0113301
892	974	0.0113301
892	991	0.0113301
893	220	0.764663
893	365	0.298794
893	460	0.149865
893	581	0.0740737
893	591	0.0740737
893	877	0.00166804
893	897	0.0132059
893	910	0
893	951	0
893	965	0
893	980	1.10596
894	136	0.398849
894	205	0.398849
894	443	0.24992
894	674	0.00354743
894	755	0.0664624
894	832	0.00908635
894	870	0.291157
894	940	0
894	957	0
894	982	0
894	990	0
895	161	0.41173
895	392	0.41173
895	489	0.279708
895	651	0.126722
895	726	0.140944
895	790	0
895	826	0.027243
895	922	0
895	964	0
895	969	0
895	995	0
896	588	0.362274
896	692	0.088276
896	698	0.141379
896	805	0.125794
896	815	0.0407416
896	817	0.0932091
896	819	0.112738
896	849	0.0407416
896	887	0.0407416
896	932	0.0407416
896	933	0.0407416
897	107	0.479075
897	598	0.135502
897	631	0.254355
897	775	0.0132059
897	856	0.066473
897	893	0.0132059
897	931	0.0132059
897	936	0.594352
897	951	0.0132059
897	956	0.0132059
897	965	0.0132059
898	786	0.256499
898	857	0.171241
898	870	0.169497
898	924	0.072545
898	943	0.0546732
898	950	0.0134948
898	953	0.0154107
898	983	0.0596289
898	984	0.0596289
898	994	0.0596289
898	995	1.14779
899	282	0.307261
899	390	0.0743264
899	433	0.00304222
899	463	0.158332
899	551	0.158332
899	587	0.162924
899	637	0.162924
899	758	0.0387033
899	806	0.0395059
899	877	0.565751
899	928	0
900	367	0.846945
900	499	0.390617
900	768	0.0252839
900	769	0.00162023
900	800	0.0410004
900	885	0
900	918	0
900	919	0
900	971	0
900	973	0
900	990	1.03631
901	32	0.445649
901	557	0.29672
901	748	0.0327967
901	770	0.0521921
901	782	0.0646029
901	812	0
901	828	0.0712545
901	829	0.0415347
901	872	0.0464392
901	889	0.00513839
901	992	0
901	997	1.04503
902	84	0.113229
902	548	0.38077
902	915	0.0649796
902	924	0.0767455
902	943	0.0588737
902	947	0.0169326
902	950	0.0176953
902	953	0.0196113
902	983	0.0638295
902	984	0.0638295
902	986	0.0638295
902	994	0.0638295
903	202	0.434847
903	424	0.285918
903	566	0.285918
903	818	0.0441351
903	865	0.0783719
903	911	0
903	916	0
903	952	0.737836
903	954	0
903	970	0
903	975	0
903	997	0
904	290	0.471216
904	537	0.322287
904	599	0.00555613
904	734	0.195044
904	867	0.100767
904	945	0.0178279
904	963	0.0178279
904	966	0.0178279
904	972	0.0178279
904	987	0.0178279
904	998	0.0178279
904	1000	0.0178279
905	48	0.15997
905	178	0.625839
905	194	0.625839
905	321	0.15997
905	439	0.0110407
905	769	0.0864137
905	878	1.29862
905	885	0
905	919	0
905	923	0
905	971	0
905	973	0
906	36	0.436869
906	333	0.436869
906	667	0.166083
906	843	0.0866591
906	875	0.0155625
906	929	0.0170356
906	935	0
906	944	0.716724
906	958	0
906	970	0
906	975	0
906	997	0
907	126	0.401654
907	458	0.411195
907	687	0.130868
907	725	0.0990214
907	760	0.0594304
907	795	0.0635198
907	874	0
907	948	0
907	955	0
907	979	0
907	989	0
907	994	0.812499
908	323	0.457945
908	479	0.309016
908	754	0.156134
908	853	0.125358
908	858	0.11764
908	927	0
908	943	0.115861
908	945	0
908	963	0
908	987	0
908	998	0
908	1000	0
909	857	0.178418
909	870	0.176674
909	921	1.43366
909	924	0.0797219
909	926	0.0869614
909	943	0.0618501
909	947	0.019909
909	950	0.0206717
909	953	0.0225876
909	983	0.0668058
909	984	0.0668058
909	986	0.0668058
909	994	0.0668058
910	416	0.290215
910	598	0.095571
910	629	0.294807
910	631	0.214424
910	763	0.137333
910	820	0.0857791
910	893	0
910	914	0
910	917	0
910	931	0
910	951	0
910	965	0
910	995	1.22501
911	149	0.455015
911	313	0.455015
911	778	0.161663
911	802	0.102986
911	854	0.0489944
911	903	0
911	929	0.0170356
911	935	0
911	954	0
911	958	0
911	959	0
911	975	0
911	997	0
912	183	0.279239
912	291	0.279239
912	357	0.279239
912	576	0.134902
912	686	0.00845351
912	712	0.0572244
912	713	0.00845351
912	812	0.73971
912	819	0.0524856
912	827	0.00808773
912	834	0.0386771
912	976	0
912	981	0
913	96	0.326919
913	166	0.326919
913	305	0.326919
913	521	0.33646
913	746	0.104904
913	799	0.0298797
913	823	0
913	938	0
913	946	0
913	957	0
913	982	0
913	983	1.12364
913	990	0
914	11	0.247244
914	31	0.713114
914	180	0.713114
914	405	0.673942
914	763	0.0401496
914	775	0
914	820	0.0177886
914	843	0.679253
914	856	0.0532671
914	910	0
914	917	0
914	951	0
914	956	0
914	965	0
915	363	0.467019
915	600	0.242299
915	623	0.242299
915	902	0.0649796
915	926	0.0213058
915	943	0.00160276
915	947	0.00115018
915	950	0.00115018
915	953	0.00115018
915	983	0.00115018
915	984	0.00115018
915	986	0.00115018
915	994	0.00115018
915	995	1.14916
916	5	0.376543
916	16	0.376543
916	203	0.376543
916	624	0.151823
916	802	0.0245146
916	875	0.0269944
916	903	0
916	929	0.0170356
916	935	0
916	954	0
916	959	0
916	993	0.614775
916	997	0
916	1000	1.00756
917	65	0.43895
917	373	0.43895
917	506	0.00636072
917	631	0.21423
917	781	0.0767771
917	877	0.00166804
917	910	0
917	914	0
917	931	0
917	939	0
917	951	0
917	956	0
917	965	0
917	990	0.837488
918	48	0.292067
918	163	0.292067
918	277	0.292067
918	402	0.143138
918	481	0.143138
918	547	0.0374909
918	776	0.0170624
918	800	0.00798895
918	888	0.958852
918	900	0
918	919	0
918	923	0
918	971	0
918	973	0
919	102	0.416651
919	314	0.416651
919	395	0.350354
919	461	0.112432
919	729	0.145866
919	750	0.0823265
919	800	0.0115186
919	845	0.0029435
919	885	0
919	900	0
919	905	0
919	918	0
919	923	0
919	971	0
919	973	0
920	282	0.397706
920	430	0.248777
920	665	0.0926029
920	675	0.175692
920	690	0.0110164
920	710	0.126921
920	711	0.126921
920	758	0.015895
920	779	0.399104
920	830	0
920	837	0
920	879	0
920	882	0
920	928	0
920	993	0
921	51	0.20669
921	69	0.20669
921	80	0.672559
921	464	0.0577606
921	475	0.0641859
921	507	0.0577606
921	585	0.0623525
921	659	0.0303975
921	680	0.0374115
921	701	0
921	716	0.0378044
921	733	0.0683076
921	851	0
921	909	1.43366
921	993	0
922	186	0.117819
922	306	0.350753
922	452	0.201824
922	535	0.360294
922	593	0.126033
922	605	0.164856
922	790	0
922	821	0.00751453
922	826	0.0133317
922	850	0.0175256
922	895	0
922	960	0
922	964	0
922	966	1.41225
922	995	0
923	224	0.783603
923	477	0.168804
923	481	0.168804
923	503	0.168804
923	629	0.83331
923	729	0.0469478
923	769	0.0281291
923	776	0.00971757
923	800	0.0410004
923	845	0.0226799
923	847	0
923	905	0
923	918	0
923	919	0
923	973	0
924	242	0.478785
924	415	0.0574349
924	426	0.0574349
924	786	0.209786
924	898	0.072545
924	902	0.0767455
924	909	0.0797219
924	926	0.0330716
924	943	0.00796032
924	947	0.0129161
924	950	0.0129161
924	953	0.0129161
924	983	0.0129161
924	984	0.0129161
924	986	0.0129161
924	994	0.0129161
925	87	0.306865
925	215	0.306865
925	234	0.837305
925	456	0.157936
925	471	0.157936
925	528	0.157936
925	640	0.082145
925	677	0.0848506
925	772	0.0406615
925	773	0.0400732
925	836	0.020149
925	862	0.0396213
925	886	0.0180513
925	892	0.0113301
925	962	0
925	991	0
926	546	0.337096
926	810	0.11487
926	857	0.131768
926	870	0.130024
926	881	0.132357
926	909	0.0869614
926	915	0.0213058
926	924	0.0330716
926	943	0.0151998
926	947	0.00139497
926	950	0.0201556
926	953	0.0201556
926	983	0.0201556
926	984	0.0201556
926	986	0.0201556
926	994	0.0201556
927	78	0.154542
927	441	0.279986
927	540	0.00636072
927	549	0.279986
927	590	0.204195
927	621	0.204195
927	785	0.167992
927	858	0.0886096
927	867	0.058466
927	908	0
927	945	0
927	963	0
927	966	0
927	987	0
927	998	0
927	1000	0
928	45	0.286252
928	112	0.286252
928	121	0.286252
928	138	0.526413
928	201	0.286252
928	531	0.137323
928	577	0.00329857
928	609	0.0615322
928	680	0.0124913
928	711	0.0154669
928	732	0.0211811
928	879	0
928	899	0
928	920	0
928	952	0.958823
928	993	0
929	569	0.178686
929	720	0.212119
929	766	0.128271
929	767	0.154152
929	780	0.120732
929	842	0.0865482
929	906	0.0170356
929	911	0.0170356
929	916	0.0170356
929	954	0.0170356
929	958	0.0170356
929	959	0.0170356
929	970	0.0170356
929	975	0.0170356
929	992	0.856661
929	997	0.0170356
930	206	0.348844
930	332	0.348844
930	425	0.358385
930	625	0.366018
930	664	0.00765647
930	676	0.0780585
930	724	0.126829
930	782	0.0120178
930	812	0
930	829	0.0175357
930	871	0.0129545
930	872	0.0224402
930	889	0.0129382
930	934	0.914182
930	942	0
930	952	0
930	992	0
931	240	0.330126
931	267	0.330126
931	339	0.433286
931	393	0.330126
931	416	0.181197
931	438	0.181197
931	619	0.0304989
931	644	0.0786113
931	859	0
931	897	0.0132059
931	910	0
931	917	0
931	939	0
931	942	0.611834
931	951	0
931	956	0
931	965	0
932	229	0.25415
932	264	0.72002
932	353	0.25415
932	412	0.105221
932	476	0.105221
932	588	0.109813
932	611	0.0344784
932	703	0.0431182
932	743	0.0481523
932	803	0.0796577
932	849	0
932	887	0
932	896	0.0407416
932	933	0
932	941	0
932	982	1.35246
932	1000	1.37673
933	144	0.224363
933	263	0.224363
933	299	0.690232
933	343	0.224363
933	474	0.0754337
933	484	0.0650023
933	543	0.0754337
933	563	0.00636072
933	679	0.0941058
933	699	0.0359861
933	779	1.57813
933	805	0.0850528
933	817	0.0524675
933	887	0
933	896	0.0407416
933	932	0
933	941	0
934	75	0.290667
934	120	0.290667
934	518	0.0878545
934	579	0.0331366
934	592	0.14633
934	594	0.0347764
934	610	0.14633
934	633	0.14633
934	672	0.0598133
934	677	0.0686524
934	693	0.0198815
934	773	0.0101726
934	852	0
934	884	0
934	930	0.914182
934	961	0
934	962	0
934	991	0
935	130	0.845592
935	490	0.230794
935	560	0.230794
935	766	0.0250885
935	776	0.636376
935	818	0.0230741
935	825	0.00905505
935	865	0.023247
935	875	0.0269944
935	906	0
935	911	0
935	916	0
935	954	0
935	958	0
935	959	0
935	970	0
935	975	0
935	997	0
936	19	0.287451
936	165	0.287451
936	172	0.585141
936	223	0.287451
936	411	0.0434343
936	572	0.296992
936	657	0.0627311
936	686	0.0166658
936	704	0.0286378
936	708	0
936	712	0.0654367
936	777	0.0415864
936	831	0
936	834	0.0399002
936	880	0.00360934
936	897	0.594352
936	976	0
936	981	0
937	324	0.572314
937	389	0.303694
937	406	0.154765
937	423	0.313235
937	559	0.154765
937	575	0.313235
937	595	0.0583368
937	630	0.159356
937	787	0.0445221
937	794	0.475429
937	808	0.0100382
937	838	0.0126544
937	860	0.0427214
937	944	0
937	949	0
937	968	0
937	988	0
937	999	0
938	41	0.180486
938	43	0.180486
938	210	0.646355
938	259	0.180486
938	305	0.180486
938	310	0.180486
938	578	0.0361485
938	617	0.0586375
938	678	0.0245154
938	746	0.0613431
938	755	0.0306103
938	875	0.935177
938	913	0
938	940	0
938	946	0
938	959	1.08407
938	982	0
938	990	0
939	86	0.336516
939	399	0.346057
939	438	0.187587
939	460	0.187587
939	482	0.187587
939	581	0.111795
939	591	0.111795
939	634	0.00451458
939	781	0.025532
939	789	0
939	877	0.00166804
939	917	0
939	931	0
939	951	0
939	956	0
939	965	0
939	968	0.633697
939	994	0.899439
940	78	0.689754
940	257	0.998329
940	327	0.223885
940	339	0.689754
940	435	0.233426
940	455	0.0749562
940	612	0.104436
940	674	0.0481523
940	678	0.0221164
940	778	0.084334
940	799	0.0298797
940	840	3.48498e-05
940	873	0
940	894	0
940	938	0
940	956	1.40731
940	957	0
940	982	0
940	990	0
941	52	0.314164
941	91	0.314164
941	366	0.314164
941	410	0.00994553
941	466	0.165235
941	505	0.45655
941	543	0.165235
941	607	0.013542
941	646	0.0227025
941	671	0
941	679	0.0411997
941	698	0.0018389
941	699	0.0324025
941	703	0.0189368
941	815	0
941	817	0.0524675
941	932	0
941	933	0
941	984	0.802739
942	332	0.355647
942	488	0.206718
942	557	0.206718
942	696	0.133632
942	718	0.0848612
942	724	0.133632
942	738	0
942	748	0.0202469
942	770	0.0396424
942	782	0.00737139
942	812	0
942	828	0.0140229
942	841	0.0357619
942	872	0.0338894
942	930	0
942	931	0.611834
942	951	0.473386
942	952	0
942	992	0
943	550	0.311984
943	600	0.236193
943	855	0.120608
943	857	0.106657
943	881	0.107246
943	898	0.0546732
943	902	0.0588737
943	908	0.115861
943	909	0.0618501
943	915	0.00160276
943	924	0.00796032
943	926	0.0151998
943	947	0.000452584
943	950	0.000452584
943	953	0.000452584
943	983	0.000452584
943	984	0.000452584
943	986	0.000452584
943	994	0.000452584
944	59	0.247208
944	88	0.713078
944	301	0.0142737
944	382	0.247208
944	404	0.0982793
944	406	0.0982793
944	409	0.0982793
944	654	0.102871
944	706	0.054542
944	822	0
944	838	0.0712528
944	876	0.000550752
944	906	0.716724
944	937	0
944	968	0
944	985	0
944	988	0
944	993	1.01649
944	999	0
945	130	0.344539
945	190	0.38114
945	479	0.232211
945	604	0.236803
945	632	0.15642
945	739	0.159126
945	788	0.0277757
945	797	0.00295421
945	813	0.0569808
945	858	0.040835
945	864	0.02652
945	904	0.0178279
945	908	0
945	927	0
945	963	0
945	971	0.902243
945	972	0
945	987	0
945	998	0
945	1000	0
946	23	0.184114
946	119	0.184114
946	166	0.184114
946	368	0.649983
946	445	0.0351846
946	454	0.193655
946	530	0.193655
946	539	0.0351846
946	612	0.0601618
946	746	0.0628674
946	756	0.0632902
946	799	0.0298797
946	832	0.0761062
946	840	3.48498e-05
946	876	1.01912
946	913	0
946	938	0
946	982	0
946	987	1.62838
946	990	0
947	275	0.418972
947	554	0.270043
947	600	0.194252
947	786	0.149973
947	831	0.256812
947	870	0.0629715
947	881	0.065305
947	902	0.0169326
947	909	0.019909
947	915	0.00115018
947	924	0.0129161
947	926	0.00139497
947	943	0.000452584
947	950	0
947	953	0
947	963	0.96254
947	983	0
947	984	0
947	986	0
947	994	0
948	26	0.261819
948	324	0.727688
948	500	0.826957
948	534	0.11289
948	542	0.826957
948	608	0.117482
948	627	0.0370989
948	628	0.0103045
948	639	0.0602029
948	668	0.0259824
948	687	0.066961
948	702	0.0481523
948	723	0.0398045
948	752	0.0474886
948	760	0.0477185
948	795	0.0518078
948	874	0
948	907	0
948	955	0
948	979	0
948	989	0
949	21	0.707291
949	63	0.275494
949	104	0.275494
949	237	0.275494
949	440	0.0457396
949	492	0.709411
949	616	0.0513263
949	625	0.131157
949	630	0.131157
949	638	0.131157
949	654	0.131157
949	673	0.0670109
949	740	0.0534792
949	784	0.00649484
949	787	0.0181004
949	876	0.000550752
949	937	0
949	967	0
949	968	0
949	985	0
949	988	0
949	999	0
950	192	0.225576
950	218	0.39318
950	284	0.39318
950	363	0.39318
950	675	0.230429
950	855	0.0528744
950	870	0.0371789
950	881	0.0395123
950	898	0.0134948
950	902	0.0176953
950	909	0.0206717
950	915	0.00115018
950	924	0.0129161
950	926	0.0201556
950	943	0.000452584
950	947	0
950	953	0
950	983	0
950	984	0
950	985	0.596412
950	986	0
950	994	0
951	11	0.336699
951	194	0.298365
951	265	0.336699
951	449	0.34624
951	482	0.18777
951	591	0.111978
951	631	0.111978
951	763	0.0348879
951	781	0.0187088
951	820	0.0275169
951	856	0.00908411
951	859	0
951	877	0.00166804
951	893	0
951	897	0.0132059
951	910	0
951	914	0
951	917	0
951	931	0
951	939	0
951	942	0.473386
951	999	1.0017
952	83	0.254281
952	181	0.254281
952	221	0.137814
952	414	0.105352
952	429	0.105352
952	453	0.263822
952	557	0.105352
952	615	0.00821442
952	664	0.056725
952	696	0.0322665
952	718	0.0514523
952	722	0.0594306
952	829	0.0617553
952	841	0.000575558
952	871	0.0178035
952	872	0.0666598
952	889	0.0129382
952	903	0.737836
952	928	0.958823
952	930	0
952	942	0
952	992	0
953	54	0.389284
953	295	0.389284
953	524	0.240355
953	554	0.240355
953	855	0.0489791
953	857	0.0350275
953	881	0.0356171
953	898	0.0154107
953	902	0.0196113
953	909	0.0225876
953	915	0.00115018
953	924	0.0129161
953	926	0.0201556
953	943	0.000452584
953	947	0
953	950	0
953	974	0.773305
953	983	0
953	984	0
953	986	0
953	992	0.860089
953	994	0
954	57	0.297533
954	232	0.297533
954	262	0.763402
954	380	0.297533
954	669	0.0267477
954	720	0.0267477
954	728	0.645854
954	766	0.00427397
954	802	0.00687933
954	806	0.647693
954	825	0.0338269
954	842	0.00813788
954	843	0.0086981
954	854	0.0598491
954	865	0.00243244
954	903	0
954	911	0
954	916	0
954	929	0.0170356
954	935	0
954	959	0
954	970	0
954	997	0
955	7	0.249766
955	26	0.249766
955	97	0.249766
955	156	0.249766
955	383	0.249766
955	499	0.899069
955	556	0.0211109
955	584	0.0491177
955	627	0.0250454
955	668	0.0263458
955	687	0.0545441
955	694	0.0518233
955	723	0.027751
955	725	0.0226973
955	752	0.0478521
955	779	0.0299842
955	795	0.0521712
955	825	0.904379
955	874	0
955	907	0
955	948	0
955	979	0
955	989	0
956	18	0.703424
956	240	0.237555
956	265	0.237555
956	315	0.00462003
956	373	0.237555
956	416	0.0886256
956	447	0.0886256
956	525	0.0886256
956	619	0.00234714
956	634	0.0182595
956	644	0.0504595
956	789	0
956	856	0.0532671
956	859	0
956	877	0.00166804
956	897	0.0132059
956	914	0
956	917	0
956	931	0
956	939	0
956	940	1.40731
956	965	0
956	991	1.14413
957	41	0.274252
957	137	0.274252
957	188	0.274252
957	334	0.274252
957	454	0.283793
957	455	0.125323
957	462	0.125323
957	596	0.129915
957	606	0.0481435
957	692	0.880319
957	734	0
957	736	0.0470043
957	756	0.0459597
957	799	0.0298797
957	832	0.00258817
957	840	3.48498e-05
957	844	0
957	894	0
957	913	0
957	940	0
957	982	0
957	989	1.56075
957	990	0
958	10	0.325535
958	39	0.325535
958	187	0.364974
958	333	0.325535
958	380	0.325535
958	624	0.100815
958	662	0.0259082
958	720	0.0547496
958	724	0.369828
958	767	0.0491891
958	818	0.0227505
958	843	0.0277316
958	854	0.00744271
958	865	0.0214659
958	906	0
958	911	0
958	929	0.0170356
958	935	0
958	959	0
958	970	0
958	975	0
958	994	0.839301
958	997	0
959	36	0.289642
959	230	0.289642
959	435	0.488305
959	459	0.140713
959	490	0.140713
959	542	0.299183
959	560	0.140713
959	628	0.489836
959	669	0.0188562
959	766	0.0565696
959	780	0.0490309
959	802	0.059175
959	825	0.0405362
959	854	0.00518354
959	911	0
959	916	0
959	929	0.0170356
959	935	0
959	938	1.08407
959	954	0
959	958	0
959	970	0
959	975	0
959	997	0
960	50	0.237163
960	85	0.960812
960	158	0.237163
960	254	0.237163
960	326	0.237163
960	413	0.0882338
960	451	0.246704
960	483	0.0108791
960	568	0.0882338
960	574	0.0882338
960	582	0.0124426
960	602	0.0467466
960	683	0.0537606
960	707	0.965666
960	742	0.0299021
960	744	0.0151482
960	771	0.0460989
960	798	0
960	816	0
960	826	0.0034476
960	922	0
960	964	0
960	969	0
960	995	0
961	46	0.249835
961	153	0.249835
961	164	0.249835
961	187	0.715704
961	405	0.0264417
961	448	0.674102
961	497	0.023133
961	526	0.259376
961	578	0.675632
961	594	0.0714612
961	603	0.025115
961	693	0.0565663
961	730	0.04505
961	735	0.0651457
961	747	0.0646797
961	793	0
961	835	0
961	852	0
961	853	0.00425505
961	862	0.0179037
961	869	0
961	886	0.0180513
961	934	0
961	991	0
961	998	1.07986
962	53	0.864817
962	142	0.275968
962	195	0.275968
962	226	0.275968
962	422	0.259627
962	509	0.285509
962	528	0.127039
962	586	0.131631
962	626	0.037064
962	633	0.131631
962	697	0.00707527
962	727	0.0587328
962	747	0.0646797
962	773	0.0195762
962	793	0
962	824	0.860771
962	852	0
962	853	0.00425505
962	861	0
962	862	0.0292211
962	869	0
962	925	0
962	934	0
962	974	0
962	991	0
963	118	0.238705
963	124	0.238705
963	168	0.704574
963	323	0.238705
963	401	0.0897757
963	450	0.0897757
963	457	0.0897757
963	549	0.0897757
963	553	0.0897757
963	663	1.04637
963	754	0.0185628
963	764	0.0172496
963	794	0.0100382
963	813	0.0600409
963	858	0.0438952
963	904	0.0178279
963	908	0
963	927	0
963	945	0
963	947	0.96254
963	966	0
963	972	0
963	987	0
963	998	0
963	1000	0
964	1	0.233776
964	79	0.233776
964	189	0.233776
964	241	0.233776
964	286	0.233776
964	296	0.233776
964	398	0.0848475
964	582	0.0090563
964	589	0.0502272
964	605	0.0478787
964	651	0.0232236
964	683	0.0572411
964	708	0.995255
964	726	0.0374455
964	737	0.0628386
964	771	0.0392321
964	790	0
964	798	0
964	821	0.0545794
964	826	0.00692814
964	895	0
964	922	0
964	960	0
964	984	1.20926
964	995	0
965	167	0.330263
965	267	0.330263
965	438	0.181333
965	447	0.181333
965	506	0.00636072
965	525	0.181333
965	581	0.105542
965	591	0.105542
965	598	0.0365888
965	629	0.185925
965	781	0.0179887
965	786	0.389591
965	789	0
965	803	0.390437
965	820	0.0267969
965	856	0.00336811
965	893	0
965	897	0.0132059
965	910	0
965	914	0
965	917	0
965	931	0
965	939	0
965	956	0
965	1000	1.11119
966	27	0.232432
966	124	0.232432
966	245	0.232432
966	342	0.232432
966	387	0.232432
966	472	0.0835032
966	485	0.241973
966	516	0.0835032
966	621	0.00771204
966	754	0.00652769
966	764	0.00521451
966	788	0.0365984
966	797	0.0117769
966	813	0.0658035
966	858	0.0496577
966	864	0.02652
966	867	0.0195141
966	904	0.0178279
966	922	1.41225
966	927	0
966	963	0
966	972	0
966	978	1.60211
966	987	0
966	998	0
966	1000	0
967	236	0.270738
967	243	0.270738
967	312	0.270738
967	319	0.270738
967	385	0.270738
967	502	0.0343406
967	522	0.121809
967	555	0.625612
967	580	0.627143
967	614	0.0568601
967	638	0.126401
967	706	0.0677738
967	728	0.0361618
967	745	0.0487232
967	753	0.044624
967	762	0.0367487
967	822	0
967	846	0.038883
967	860	0.0427214
967	890	0
967	949	0
967	968	0
967	971	1.12904
967	985	0
967	988	0
967	999	0
968	72	0.445661
968	98	0.303292
968	261	0.303292
968	385	0.303292
968	465	0.154363
968	491	0.154363
968	558	0.0436994
968	661	0.0785717
968	707	0.0812773
968	728	0.000894334
968	740	0.0812773
968	753	0.0093566
968	762	0.00148124
968	804	0.017156
968	808	0.0100382
968	848	0.00967197
968	855	0.453747
968	860	0.0427214
968	937	0
968	939	0.633697
968	944	0
968	949	0
968	967	0
968	985	0
968	988	0
968	999	0
969	1	0.229675
969	79	0.229675
969	317	0.229675
969	345	0.695545
969	375	1.01781
969	413	0.0807464
969	432	0.00628189
969	452	0.0807464
969	483	0.0016468
969	571	1.01993
969	574	0.0807464
969	593	0.00495524
969	602	0.0484916
969	620	0.00623864
969	714	0.0291664
969	726	0.0350801
969	737	0.0604732
969	759	0.0275063
969	761	0.00861434
969	771	0.0368666
969	790	0
969	826	0.00519256
969	888	0
969	895	0
969	960	0
969	995	0
970	10	0.231058
970	133	0.231058
970	175	0.231058
970	232	0.231058
970	292	1.17568
970	318	0.696928
970	408	0.0821294
970	424	0.0821294
970	459	0.0821294
970	566	0.0821294
970	575	1.1778
970	662	0.0172041
970	667	0.0460455
970	669	0.0460455
970	766	0.0254626
970	780	0.0179238
970	843	0.0298867
970	875	0.0269944
970	903	0
970	906	0
970	929	0.0170356
970	935	0
970	954	0
970	958	0
970	959	0
970	975	0
970	997	0
971	157	0.658382
971	277	0.192513
971	292	0.658382
971	325	0.192513
971	378	0.0517632
971	402	0.0435839
971	439	0.0435839
971	461	0.0636024
971	481	0.0435839
971	636	0.891562
971	642	0.0266337
971	656	0.0637872
971	670	0.00682781
971	729	0.0197755
971	750	0.0334965
971	768	0.0685308
971	769	0.0864137
971	776	0.0598054
971	845	0.0226799
971	885	0
971	900	0
971	905	0
971	918	0
971	919	0
971	945	0.902243
971	967	1.12904
971	973	0
972	58	0.28492
972	362	0.28492
972	450	0.135991
972	472	0.135991
972	496	0.61835
972	516	0.135991
972	529	0.135991
972	604	0.140583
972	621	0.0601998
972	632	0.0601998
972	641	0.140583
972	717	0.0629054
972	719	0.053763
972	791	0.622921
972	794	0.0100382
972	797	0.0235952
972	813	0.0248483
972	864	0.02652
972	867	0.0313324
972	904	0.0178279
972	945	0
972	963	0
972	966	0
972	987	0
972	992	1.04913
972	998	0
972	1000	0
973	8	0.266051
973	134	0.266051
973	174	0.266051
973	314	0.266051
973	321	0.266051
973	325	0.266051
973	359	0.0331162
973	478	0.71353
973	545	0.275592
973	579	0.715061
973	648	0.00821442
973	655	0.03937
973	656	0.0392771
973	670	0.00682781
973	750	0.00467223
973	768	0.0685308
973	769	0.0134676
973	776	0.0309811
973	800	0.0410004
973	847	0
973	860	0.719496
973	885	0
973	900	0
973	905	0
973	918	0
973	919	0
973	923	0
973	971	0
974	132	0.231308
974	145	0.231308
974	185	0.231308
974	215	0.231308
974	231	0.231308
974	246	0.231308
974	377	0.0716809
974	468	0.000396775
974	565	0.0823794
974	597	0.00658823
974	610	0.0869712
974	672	0.0286027
974	673	0.719273
974	677	0.00929383
974	691	0.00929383
974	735	0.0424095
974	772	0.0406615
974	773	0.0699711
974	785	0
974	835	0
974	841	0.72185
974	852	0
974	861	0
974	862	0.0221131
974	892	0.0113301
974	953	0.773305
974	962	0
974	991	0
975	5	0.258916
975	39	0.258916
975	175	0.258916
975	184	0.258916
975	235	0.258916
975	408	0.109987
975	459	0.109987
975	530	0.798636
975	542	0.268457
975	566	0.109987
975	667	0.0680909
975	767	0.010124
975	787	0.802362
975	807	0.803208
975	818	0.0751569
975	825	0.0152414
975	842	0.0695127
975	854	0.0598491
975	865	0.0294333
975	875	0.0269944
975	903	0
975	906	0
975	911	0
975	929	0.0170356
975	935	0
975	958	0
975	959	0
975	970	0
975	997	0
976	20	0.149199
976	114	0.149199
976	135	0.149199
976	146	0.149199
976	199	0.615068
976	291	0.149199
976	308	0.149199
976	367	1.11172
976	411	0.0496294
976	480	0.0346461
976	501	0.0496294
976	505	0.15874
976	519	0.00026999
976	572	0.15874
976	576	0.00486184
976	643	0.0364998
976	681	0.10191
976	704	0.0348329
976	712	0.0392054
976	801	1.1628
976	807	0.0567495
976	811	1.11841
976	819	0.0018895
976	827	0.0695127
976	834	0.100102
976	863	0
976	880	0.00360934
976	912	0
976	936	0
976	981	0
977	38	0.169794
977	49	0.169794
977	140	0.169794
977	173	0.635663
977	197	0.169794
977	227	0.0360971
977	251	0.169794
977	330	0.169794
977	403	0.0208653
977	487	0.0208653
977	517	0.014456
977	532	0.0208653
977	564	0.0208653
977	571	0.179335
977	660	0.0443115
977	705	0.0863836
977	731	0.0324582
977	737	1.00152
977	783	1.06549
977	791	0.0917243
977	792	0
977	809	0
977	810	0.0592103
977	811	0.0551691
977	829	1.00409
977	868	0.018385
977	883	0.00150428
977	978	0
977	980	0
977	996	0
978	38	0.132506
978	49	0.132506
978	68	0.132506
978	152	0.132506
978	193	0.132506
978	213	0.132506
978	269	0.132506
978	358	0.132506
978	391	0.132506
978	470	0.142047
978	487	0.0796331
978	513	0.142047
978	532	0.0796331
978	599	0.084225
978	618	0.084225
978	653	0.0286257
978	660	0.00384196
978	682	0.0990277
978	684	0.0990277
978	705	0.089565
978	731	0.0356397
978	740	1.03692
978	757	0.0105226
978	791	0.0917243
978	811	0.0551691
978	827	1.0395
978	866	0
978	883	0.00150428
978	966	1.60211
978	977	0
978	980	0
978	996	0
979	82	0.222542
979	159	0.222542
979	207	0.682755
979	219	0.222542
979	280	0.222542
979	287	0.222542
979	341	0.222542
979	436	0.0818958
979	508	0.0507136
979	534	0.0736133
979	573	0.0736133
979	608	0.0782052
979	627	0.0805691
979	639	0.0277458
979	649	0.0334877
979	662	0.686406
979	668	0.0191629
979	687	0.0345038
979	694	0.0446404
979	723	0.000527773
979	752	0.0406691
979	760	0.0408989
979	779	0.00276093
979	795	0.0449883
979	874	0
979	891	0
979	907	0
979	948	0
979	955	0
979	980	0.988196
979	989	0
979	998	1.09063
980	90	0.170807
980	197	0.170807
980	212	0.170807
980	268	0.170807
980	354	0.170807
980	395	0.636676
980	419	0.0218781
980	431	0.0218781
980	487	0.0218781
980	494	0.0218781
980	514	0.0218781
980	545	0.721673
980	599	0.0264699
980	658	0.0264699
980	660	0.0340906
980	682	0.10708
980	684	0.10708
980	700	0
980	731	0.043692
980	757	0.0105226
980	791	0.00372056
980	809	0
980	810	0.0592103
980	866	0
980	868	0.018385
980	883	0.00150428
980	893	1.10596
980	977	0
980	978	0
980	979	0.988196
980	990	1.23687
980	996	0
981	21	0.575386
981	37	0.0109241
981	55	0.109517
981	113	0.575386
981	114	0.109517
981	135	0.109517
981	228	0.109517
981	248	0.575386
981	278	0.109517
981	308	0.109517
981	357	0.109517
981	501	0.0273086
981	536	0.0156946
981	576	0.0995215
981	587	1.08116
981	657	0.0191385
981	681	0.10191
981	686	0.0607418
981	712	0.0218441
981	713	0.0607418
981	741	0.0633081
981	765	0.0742721
981	827	0.0695127
981	834	0.100102
981	839	0
981	863	0
981	880	0.00360934
981	889	1.08618
981	912	0
981	936	0
981	976	0
981	985	1.40221
981	999	1.69585
982	43	0.193539
982	96	0.193539
982	129	0.193539
982	157	1.00655
982	205	0.193539
982	297	0.659408
982	379	0.0509067
982	418	0.20308
982	427	0.0713483
982	435	0.20308
982	445	0.0446101
982	462	0.0446101
982	596	0.0492019
982	606	0.0759402
982	612	0.0591211
982	617	0.0591211
982	736	0.0470043
982	746	0.0618267
982	755	0.0431801
982	778	0.084334
982	823	0
982	832	0.0761062
982	840	3.48498e-05
982	844	0
982	849	1.0366
982	894	0
982	913	0
982	932	1.35246
982	938	0
982	940	0
982	946	0
982	957	0
982	990	0
983	64	0.198975
983	143	0.198975
983	171	0.198975
983	272	0.198975
983	275	0.198975
983	370	0.198975
983	396	0.050046
983	446	0.050046
983	524	0.050046
983	541	0.208516
983	548	0.050046
983	550	0.050046
983	600	0.0513565
983	622	0.0546379
983	637	0.68544
983	645	0.0513565
983	844	0.95841
983	855	0.0484622
983	857	0.0345106
983	881	0.0351002
983	898	0.0596289
983	902	0.0638295
983	909	0.0668058
983	913	1.12364
983	915	0.00115018
983	924	0.0129161
983	926	0.0201556
983	943	0.000452584
983	947	0
983	950	0
983	953	0
983	984	0
983	994	0
983	998	1.08967
984	33	0.231741
984	173	0.621614
984	218	0.231741
984	242	0.231741
984	250	0.621614
984	271	0.231741
984	396	0.082812
984	467	0.082812
984	496	0.241282
984	546	0.082812
984	548	0.082812
984	622	0.0874038
984	623	0.0070208
984	645	0.0070208
984	786	0.0318203
984	855	0.0564856
984	857	0.042534
984	870	0.0407901
984	881	0.0431236
984	898	0.0596289
984	902	0.0638295
984	909	0.0668058
984	915	0.00115018
984	924	0.0129161
984	926	0.0201556
984	941	0.802739
984	943	0.000452584
984	947	0
984	950	0
984	953	0
984	964	1.20926
984	983	0
984	986	0
984	994	0
985	30	0.277269
985	59	0.277269
985	77	0.277269
985	95	0.277269
985	105	0.0517632
985	340	0.277269
985	406	0.12834
985	417	0.0259215
985	428	0.0259215
985	440	0.047515
985	491	0.12834
985	502	0.0259215
985	558	0.0259215
985	695	0.0514613
985	706	0.00648375
985	749	0
985	753	0.0362049
985	784	0.00827028
985	804	0.082236
985	808	0.0100382
985	814	0
985	822	0
985	846	0.038883
985	848	0.00967197
985	860	0.0427214
985	876	0.000550752
985	944	0
985	949	0
985	950	0.596412
985	967	0
985	968	0
985	981	1.40221
985	988	0
985	996	2.01322
985	999	0
986	33	0.183334
986	54	0.183334
986	170	0.183334
986	216	0.183334
986	222	0.183334
986	271	0.183334
986	284	0.183334
986	295	0.183334
986	370	0.183334
986	396	0.0344048
986	446	0.0344048
986	467	0.0344048
986	492	0.192875
986	550	0.0344048
986	623	0.055093
986	645	0.055093
986	759	0.857087
986	796	0.857933
986	855	0.0290846
986	857	0.015133
986	869	1.00573
986	870	0.0133891
986	881	0.0157225
986	902	0.0638295
986	909	0.0668058
986	915	0.00115018
986	924	0.0129161
986	926	0.0201556
986	943	0.000452584
986	947	0
986	950	0
986	953	0
986	984	0
986	987	1.46918
986	994	0
987	85	0.647375
987	162	0.181506
987	245	0.181506
987	258	0.181506
987	293	0.181506
987	362	0.181506
987	457	0.032577
987	479	0.032577
987	495	0.191047
987	537	0.032577
987	540	0.00636072
987	621	0.0406045
987	632	0.0406045
987	666	0.0384778
987	717	0.0433101
987	719	0.0868058
987	739	0.0433101
987	754	0.0802399
987	788	0.0286859
987	794	0.0100382
987	813	0.057891
987	846	1.03296
987	858	0.0417452
987	864	0.02652
987	867	0.0116016
987	904	0.0178279
987	908	0
987	927	0
987	945	0
987	946	1.62838
987	963	0
987	966	0
987	972	0
987	986	1.46918
987	998	0
987	1000	0
988	204	0.250968
988	300	0.0180339
988	312	0.250968
988	344	0.250968
988	389	0.250968
988	399	0.958221
988	404	0.102039
988	423	0.26051
988	465	0.102039
988	520	0.0219768
988	561	0.26051
988	567	0.0243946
988	595	0.0222403
988	614	0.0494546
988	625	0.106631
988	630	0.106631
988	673	0.0521602
988	707	0.0289539
988	745	0.0289539
988	762	0.0243849
988	787	0.00842565
988	788	0.962792
988	804	0.0598799
988	808	0.0100382
988	833	0.0167078
988	846	0.038883
988	848	0.00967197
988	876	0.000550752
988	890	0
988	937	0
988	944	0
988	949	0
988	967	0
988	968	0
988	985	0
988	991	1.3203
988	999	0
989	7	0.0429367
989	25	0.508806
989	42	0.0429367
989	82	0.0429367
989	97	0.0429367
989	103	0.0429367
989	117	0.0429367
989	126	0.0429367
989	147	0.508806
989	156	0.0429367
989	219	0.0429367
989	252	0.0429367
989	287	0.0429367
989	341	0.0429367
989	356	0.0429367
989	383	0.0429367
989	407	0.0215601
989	458	0.0524778
989	515	0.0524778
989	534	0.0215601
989	539	1.18984
989	556	0.034098
989	584	0.124682
989	627	0.113597
989	628	0.0868023
989	649	0.0665152
989	702	0.0481523
989	752	0.123416
989	779	0.118535
989	821	1.19441
989	874	0
989	880	1.1964
989	891	0
989	907	0
989	948	0
989	955	0
989	957	1.56075
989	979	0
990	111	0.155391
990	136	0.155391
990	137	0.155391
990	138	0.62126
990	188	0.155391
990	256	0.155391
990	327	0.155391
990	371	0.62126
990	397	0.00646217
990	427	0.0636169
990	443	0.00646217
990	462	0.00646217
990	500	0.0300312
990	504	0.00646217
990	578	0.011054
990	596	0.011054
990	617	0.0287046
990	636	0.011054
990	755	0.0354486
990	756	0.066025
990	778	0.084334
990	799	0.0298797
990	823	0
990	832	0.0761062
990	840	3.48498e-05
990	844	0
990	873	0
990	894	0
990	900	1.03631
990	913	0
990	917	0.837488
990	938	0
990	940	0
990	946	0
990	957	0
990	980	1.23687
990	982	0
990	997	1.52326
991	2	0.150396
991	34	0.150396
991	46	0.150396
991	73	0.150396
991	128	0.150396
991	145	0.150396
991	185	0.150396
991	231	0.150396
991	329	0.150396
991	361	0.150493
991	437	0.00146664
991	442	0.159937
991	456	0.00146664
991	526	0.159937
991	528	0.00146664
991	583	0.04224
991	592	0.00605849
991	594	0.127537
991	597	0.00811717
991	603	0.00811717
991	604	0.807932
991	640	0.00811717
991	691	0.0108228
991	717	0.809134
991	730	0.101126
991	747	0.0646797
991	852	0
991	853	0.00425505
991	862	0.0129785
991	869	0
991	892	0.0113301
991	925	0
991	934	0
991	956	1.14413
991	961	0
991	962	0
991	974	0
991	988	1.3203
992	9	0.173232
992	31	0.845317
992	32	0.173232
992	74	0.173232
992	83	0.173232
992	182	0.173232
992	206	0.173232
992	255	0.173232
992	274	0.0275671
992	288	0.0275671
992	328	0.173232
992	337	0.0275671
992	376	0.0275671
992	414	0.0243032
992	425	0.182773
992	429	0.0243032
992	488	0.0243032
992	498	0.182773
992	615	0.00821442
992	676	0.107814
992	696	0.0384872
992	715	0.0385218
992	722	0.0401178
992	724	0.0384872
992	770	0.0724127
992	782	0.0848235
992	828	0.00420551
992	829	0.0617553
992	841	0.0685323
992	871	0.0857602
992	872	0.0666598
992	901	0
992	929	0.856661
992	930	0
992	942	0
992	952	0
992	953	0.860089
992	972	1.04913
993	76	0.269453
993	276	0.598871
993	298	0.269453
993	400	0.120524
993	420	0.0187847
993	434	0.0187847
993	444	0.120524
993	464	0.120524
993	475	0.0156043
993	533	0.120524
993	544	0.0304549
993	552	0.120524
993	555	0.278994
993	585	0.125116
993	609	0.0447325
993	650	0.0447325
993	659	0.071131
993	665	0.0179002
993	675	0.0474381
993	688	0.0217538
993	690	0.0385218
993	709	0.0385218
993	710	0.0522179
993	711	0.0522179
993	716	0.00628323
993	721	0.0481523
993	758	0.0305075
993	761	0.604716
993	783	0
993	796	0.0253186
993	806	0.0395059
993	837	0
993	851	0
993	878	0
993	879	0
993	882	0
993	916	0.614775
993	920	0
993	921	0
993	928	0
993	944	1.01649
994	64	0.148905
994	143	0.148905
994	170	0.148905
994	171	0.148905
994	216	0.148905
994	222	0.148905
994	272	0.148905
994	338	0.614774
994	446	0.0983771
994	467	0.0983771
994	492	0.158446
994	496	0.158446
994	524	0.0983771
994	541	0.158446
994	546	0.0983771
994	554	0.0983771
994	622	0.00456782
994	623	0.022586
994	645	0.022586
994	786	0.0984691
994	809	0.902417
994	834	0.819445
994	855	0.0271627
994	857	0.0132111
994	881	0.0138007
994	898	0.0596289
994	902	0.0638295
994	907	0.812499
994	909	0.0668058
994	915	0.00115018
994	924	0.0129161
994	926	0.0201556
994	939	0.899439
994	943	0.000452584
994	947	0
994	950	0
994	953	0
994	958	0.839301
994	983	0
994	984	0
994	986	0
995	12	0.150388
995	14	0.150388
995	35	0.150388
995	56	0.150388
995	66	0.150388
995	92	0.150388
995	131	0.150388
995	161	0.150388
995	198	0.150388
995	254	0.150388
995	306	0.150388
995	326	0.150388
995	398	0.00145888
995	452	0.00145888
995	510	0.159929
995	535	0.159929
995	568	0.00145888
995	574	0.00145888
995	576	1.14223
995	602	0.015729
995	620	0.0572896
995	647	0.0935113
995	683	0.022743
995	714	0.105357
995	726	0.086131
995	737	0.0139482
995	744	0.037326
995	759	0.103696
995	761	0.00861434
995	798	0
995	816	0
995	821	0.0545794
995	826	0.0813827
995	850	0.0175256
995	895	0
995	898	1.14779
995	910	1.22501
995	915	1.14916
995	922	0
995	960	0
995	964	0
995	969	0
996	61	0.0583875
996	71	1.83073
996	94	0.0583875
996	122	0.0583875
996	152	0.0583875
996	160	0.0583875
996	200	0.0583875
996	212	0.0583875
996	247	0.0583875
996	253	0.0583875
996	268	0.0583875
996	269	0.0583875
996	279	0.524257
996	330	0.0583875
996	335	0.103395
996	350	0.0583875
996	352	0.524257
996	354	0.0583875
996	358	0.0583875
996	419	0.0389986
996	431	0.0389986
996	470	0.0679286
996	494	0.0389986
996	513	0.0679286
996	517	0.0817534
996	660	0.111609
996	682	0.0655437
996	684	0.0655437
996	705	0.0560809
996	721	1.83558
996	731	0.00215563
996	757	0.0105226
996	791	0.0917243
996	792	0
996	809	0
996	810	0.0592103
996	811	0.0551691
996	868	0.018385
996	883	0.00150428
996	977	0
996	978	0
996	980	0
996	985	2.01322
997	16	0.130978
997	22	0.130978
997	133	0.130978
997	149	0.130978
997	176	0.130978
997	177	0.130978
997	184	0.130978
997	203	0.130978
997	230	0.130978
997	234	0.596848
997	313	0.130978
997	381	0.596848
997	418	1.01405
997	424	0.098511
997	490	0.098511
997	510	1.01405
997	624	0.0227199
997	667	0.0786221
997	669	0.0786221
997	720	0.0786221
997	767	0.0206551
997	780	0.103696
997	802	0.113841
997	818	0.0751569
997	825	0.0952017
997	842	0.0695127
997	843	0.115659
997	854	0.0598491
997	863	1.42203
997	865	0.109394
997	875	0.0269944
997	901	1.04503
997	903	0
997	906	0
997	911	0
997	916	0
997	929	0.0170356
997	935	0
997	954	0
997	958	0
997	959	0
997	970	0
997	975	0
997	990	1.52326
998	58	0.141833
998	81	0.141833
998	118	0.141833
998	150	0.607702
998	162	0.141833
998	191	0.141833
998	225	0.141833
998	258	0.141833
998	322	0.141833
998	387	0.141833
998	394	0.141833
998	441	0.085731
998	450	0.085731
998	457	0.085731
998	512	0.848262
998	516	0.085731
998	549	0.085731
998	553	0.085731
998	590	0.0099398
998	641	0.0903228
998	717	0.0126454
998	719	0.0777975
998	739	0.0126454
998	754	0.0712316
998	764	0.0699184
998	788	0.0196776
998	794	0.0100382
998	797	0.087683
998	798	0.867933
998	813	0.0488827
998	858	0.0327369
998	864	0.02652
998	867	0.00259331
998	904	0.0178279
998	908	0
998	927	0
998	945	0
998	961	1.07986
998	963	0
998	966	0
998	972	0
998	979	1.09063
998	983	1.08967
998	987	0
998	1000	0
999	30	0.12306
999	77	0.12306
999	95	0.12306
999	104	0.12306
999	127	0.588929
999	179	0.588929
999	204	0.12306
999	214	0.12306
999	261	0.12306
999	304	0.12306
999	331	0.00102938
999	382	0.12306
999	409	0.085035
999	417	0.0507461
999	428	0.0507461
999	520	0.0507461
999	522	0.085035
999	561	0.132601
999	595	0.0510096
999	616	0.0704208
999	625	0.0896268
999	661	0.0092438
999	694	1.06216
999	706	0.0841794
999	707	0.0119494
999	728	0.0525673
999	740	0.0119494
999	745	0.0119494
999	749	0
999	762	0.0531542
999	784	0.0859659
999	804	0.0242027
999	814	0
999	820	1.064
999	838	0.0712528
999	848	0.00967197
999	860	0.0427214
999	879	1.09528
999	890	0
999	937	0
999	944	0
999	949	0
999	951	1.0017
999	967	0
999	968	0
999	981	1.69585
999	985	0
999	988	0
1000	27	0.111976
1000	81	0.111976
1000	116	0.577846
1000	148	1.09052
1000	190	0.111976
1000	191	0.111976
1000	225	0.111976
1000	257	0.577846
1000	290	0.111976
1000	293	0.111976
1000	342	0.111976
1000	394	0.111976
1000	401	0.0752059
1000	415	0.121517
1000	441	0.0752059
1000	472	0.0752059
1000	495	0.121517
1000	529	0.0752059
1000	537	0.0752059
1000	553	0.0752059
1000	590	0.12899
1000	604	0.0797977
1000	632	0.12899
1000	641	0.0797977
1000	666	0.0101378
1000	717	0.00212033
1000	730	1.09538
1000	739	0.00212033
1000	754	0.0518999
1000	764	0.0505867
1000	788	0.000345922
1000	794	0.0100382
1000	797	0.087683
1000	813	0.029551
1000	858	0.0134052
1000	864	0.02652
1000	867	0.0954202
1000	904	0.0178279
1000	908	0
1000	916	1.00756
1000	927	0
1000	932	1.37673
1000	945	0
1000	963	0
1000	965	1.11119
1000	966	0
1000	972	0
1000	987	0
1000	998	0
